日期,市場,價格
2014-01-01,國民市場,150.0
2014-01-01,鹽埕示範,
2014-01-01,新興第二,133.0
2014-01-01,三民第二,
2014-01-01,左營第四,
2014-01-01,鼓山第三,133.0
2014-01-01,楠梓市場,
2014-01-01,三民第一,150.0
2014-01-01,苓雅市場,
2014-01-01,中華市場,
2014-01-01,旗山第一,
2014-01-01,鳳山第一,
2014-01-01,岡山文賢,
2014-01-01,大寮大發,
2014-01-01,橋頭市場,
2014-01-02,國民市場,150.0
2014-01-02,鹽埕示範,150.0
2014-01-02,新興第二,133.0
2014-01-02,三民第二,133.0
2014-01-02,左營第四,133.0
2014-01-02,鼓山第三,133.0
2014-01-02,楠梓市場,133.0
2014-01-02,三民第一,150.0
2014-01-02,苓雅市場,150.0
2014-01-02,中華市場,133.0
2014-01-02,旗山第一,132.0
2014-01-02,鳳山第一,0.0
2014-01-02,岡山文賢,158.0
2014-01-02,大寮大發,136.0
2014-01-02,橋頭市場,158.0
2014-01-03,國民市場,150.0
2014-01-03,鹽埕示範,150.0
2014-01-03,新興第二,133.0
2014-01-03,三民第二,133.0
2014-01-03,左營第四,133.0
2014-01-03,鼓山第三,133.0
2014-01-03,楠梓市場,133.0
2014-01-03,三民第一,150.0
2014-01-03,苓雅市場,150.0
2014-01-03,中華市場,133.0
2014-01-03,旗山第一,132.0
2014-01-03,鳳山第一,0.0
2014-01-03,岡山文賢,158.0
2014-01-03,大寮大發,136.0
2014-01-03,橋頭市場,158.0
2014-01-04,國民市場,
2014-01-04,鹽埕示範,
2014-01-04,新興第二,
2014-01-04,三民第二,
2014-01-04,左營第四,
2014-01-04,鼓山第三,
2014-01-04,楠梓市場,
2014-01-04,三民第一,
2014-01-04,苓雅市場,
2014-01-04,中華市場,
2014-01-04,旗山第一,
2014-01-04,鳳山第一,
2014-01-04,岡山文賢,
2014-01-04,大寮大發,
2014-01-04,橋頭市場,158.0
2014-01-05,國民市場,
2014-01-05,鹽埕示範,
2014-01-05,新興第二,
2014-01-05,三民第二,
2014-01-05,左營第四,
2014-01-05,鼓山第三,
2014-01-05,楠梓市場,
2014-01-05,三民第一,
2014-01-05,苓雅市場,
2014-01-05,中華市場,
2014-01-05,旗山第一,
2014-01-05,鳳山第一,
2014-01-05,岡山文賢,0.0
2014-01-05,大寮大發,
2014-01-05,橋頭市場,158.0
2014-01-06,國民市場,150.0
2014-01-06,鹽埕示範,150.0
2014-01-06,新興第二,133.0
2014-01-06,三民第二,133.0
2014-01-06,左營第四,133.0
2014-01-06,鼓山第三,133.0
2014-01-06,楠梓市場,133.0
2014-01-06,三民第一,150.0
2014-01-06,苓雅市場,150.0
2014-01-06,中華市場,133.0
2014-01-06,旗山第一,132.0
2014-01-06,鳳山第一,0.0
2014-01-06,岡山文賢,148.0
2014-01-06,大寮大發,144.0
2014-01-06,橋頭市場,148.0
2014-01-07,國民市場,150.0
2014-01-07,鹽埕示範,150.0
2014-01-07,新興第二,133.0
2014-01-07,三民第二,133.0
2014-01-07,左營第四,133.0
2014-01-07,鼓山第三,133.0
2014-01-07,楠梓市場,133.0
2014-01-07,三民第一,150.0
2014-01-07,苓雅市場,150.0
2014-01-07,中華市場,133.0
2014-01-07,旗山第一,132.0
2014-01-07,鳳山第一,0.0
2014-01-07,岡山文賢,148.0
2014-01-07,大寮大發,144.0
2014-01-07,橋頭市場,148.0
2014-01-08,國民市場,0.0
2014-01-08,鹽埕示範,150.0
2014-01-08,新興第二,133.0
2014-01-08,三民第二,133.0
2014-01-08,左營第四,133.0
2014-01-08,鼓山第三,133.0
2014-01-08,楠梓市場,133.0
2014-01-08,三民第一,150.0
2014-01-08,苓雅市場,133.0
2014-01-08,中華市場,133.0
2014-01-08,旗山第一,132.0
2014-01-08,鳳山第一,0.0
2014-01-08,岡山文賢,148.0
2014-01-08,大寮大發,144.0
2014-01-08,橋頭市場,148.0
2014-01-09,國民市場,0.0
2014-01-09,鹽埕示範,133.0
2014-01-09,新興第二,133.0
2014-01-09,三民第二,133.0
2014-01-09,左營第四,133.0
2014-01-09,鼓山第三,133.0
2014-01-09,楠梓市場,133.0
2014-01-09,三民第一,150.0
2014-01-09,苓雅市場,131.0
2014-01-09,中華市場,133.0
2014-01-09,旗山第一,132.0
2014-01-09,鳳山第一,0.0
2014-01-09,岡山文賢,148.0
2014-01-09,大寮大發,136.0
2014-01-09,橋頭市場,148.0
2014-01-10,國民市場,150.0
2014-01-10,鹽埕示範,133.0
2014-01-10,新興第二,133.0
2014-01-10,三民第二,133.0
2014-01-10,左營第四,133.0
2014-01-10,鼓山第三,133.0
2014-01-10,楠梓市場,133.0
2014-01-10,三民第一,150.0
2014-01-10,苓雅市場,131.0
2014-01-10,中華市場,133.0
2014-01-10,旗山第一,132.0
2014-01-10,鳳山第一,0.0
2014-01-10,岡山文賢,148.0
2014-01-10,大寮大發,136.0
2014-01-10,橋頭市場,148.0
2014-01-11,國民市場,
2014-01-11,鹽埕示範,
2014-01-11,新興第二,
2014-01-11,三民第二,
2014-01-11,左營第四,
2014-01-11,鼓山第三,
2014-01-11,楠梓市場,
2014-01-11,三民第一,
2014-01-11,苓雅市場,
2014-01-11,中華市場,
2014-01-11,旗山第一,132.0
2014-01-11,鳳山第一,
2014-01-11,岡山文賢,
2014-01-11,大寮大發,
2014-01-11,橋頭市場,148.0
2014-01-12,國民市場,
2014-01-12,鹽埕示範,
2014-01-12,新興第二,
2014-01-12,三民第二,
2014-01-12,左營第四,
2014-01-12,鼓山第三,
2014-01-12,楠梓市場,
2014-01-12,三民第一,
2014-01-12,苓雅市場,
2014-01-12,中華市場,
2014-01-12,旗山第一,
2014-01-12,鳳山第一,
2014-01-12,岡山文賢,
2014-01-12,大寮大發,
2014-01-12,橋頭市場,148.0
2014-01-13,國民市場,150.0
2014-01-13,鹽埕示範,133.0
2014-01-13,新興第二,133.0
2014-01-13,三民第二,133.0
2014-01-13,左營第四,133.0
2014-01-13,鼓山第三,133.0
2014-01-13,楠梓市場,133.0
2014-01-13,三民第一,150.0
2014-01-13,苓雅市場,166.0
2014-01-13,中華市場,133.0
2014-01-13,旗山第一,132.0
2014-01-13,鳳山第一,0.0
2014-01-13,岡山文賢,158.0
2014-01-13,大寮大發,136.0
2014-01-13,橋頭市場,148.0
2014-01-14,國民市場,150.0
2014-01-14,鹽埕示範,133.0
2014-01-14,新興第二,133.0
2014-01-14,三民第二,133.0
2014-01-14,左營第四,133.0
2014-01-14,鼓山第三,133.0
2014-01-14,楠梓市場,133.0
2014-01-14,三民第一,150.0
2014-01-14,苓雅市場,166.0
2014-01-14,中華市場,133.0
2014-01-14,旗山第一,132.0
2014-01-14,鳳山第一,0.0
2014-01-14,岡山文賢,158.0
2014-01-14,大寮大發,132.0
2014-01-14,橋頭市場,148.0
2014-01-15,國民市場,150.0
2014-01-15,鹽埕示範,133.0
2014-01-15,新興第二,133.0
2014-01-15,三民第二,133.0
2014-01-15,左營第四,133.0
2014-01-15,鼓山第三,133.0
2014-01-15,楠梓市場,133.0
2014-01-15,三民第一,150.0
2014-01-15,苓雅市場,166.0
2014-01-15,中華市場,133.0
2014-01-15,旗山第一,132.0
2014-01-15,鳳山第一,0.0
2014-01-15,岡山文賢,158.0
2014-01-15,大寮大發,132.0
2014-01-15,橋頭市場,148.0
2014-01-16,國民市場,150.0
2014-01-16,鹽埕示範,133.0
2014-01-16,新興第二,133.0
2014-01-16,三民第二,133.0
2014-01-16,左營第四,133.0
2014-01-16,鼓山第三,133.0
2014-01-16,楠梓市場,133.0
2014-01-16,三民第一,150.0
2014-01-16,苓雅市場,150.0
2014-01-16,中華市場,133.0
2014-01-16,旗山第一,132.0
2014-01-16,鳳山第一,0.0
2014-01-16,岡山文賢,158.0
2014-01-16,大寮大發,132.0
2014-01-16,橋頭市場,148.0
2014-01-17,國民市場,
2014-01-17,鹽埕示範,
2014-01-17,新興第二,
2014-01-17,三民第二,
2014-01-17,左營第四,
2014-01-17,鼓山第三,
2014-01-17,楠梓市場,133.0
2014-01-17,三民第一,
2014-01-17,苓雅市場,
2014-01-17,中華市場,
2014-01-17,旗山第一,132.0
2014-01-17,鳳山第一,
2014-01-17,岡山文賢,158.0
2014-01-17,大寮大發,
2014-01-17,橋頭市場,
2014-01-18,國民市場,
2014-01-18,鹽埕示範,
2014-01-18,新興第二,
2014-01-18,三民第二,
2014-01-18,左營第四,
2014-01-18,鼓山第三,
2014-01-18,楠梓市場,
2014-01-18,三民第一,
2014-01-18,苓雅市場,
2014-01-18,中華市場,
2014-01-18,旗山第一,
2014-01-18,鳳山第一,
2014-01-18,岡山文賢,
2014-01-18,大寮大發,
2014-01-18,橋頭市場,
2014-01-19,國民市場,
2014-01-19,鹽埕示範,
2014-01-19,新興第二,
2014-01-19,三民第二,
2014-01-19,左營第四,
2014-01-19,鼓山第三,
2014-01-19,楠梓市場,
2014-01-19,三民第一,
2014-01-19,苓雅市場,
2014-01-19,中華市場,
2014-01-19,旗山第一,
2014-01-19,鳳山第一,
2014-01-19,岡山文賢,
2014-01-19,大寮大發,
2014-01-19,橋頭市場,
2014-01-20,國民市場,150.0
2014-01-20,鹽埕示範,133.0
2014-01-20,新興第二,133.0
2014-01-20,三民第二,133.0
2014-01-20,左營第四,133.0
2014-01-20,鼓山第三,133.0
2014-01-20,楠梓市場,133.0
2014-01-20,三民第一,150.0
2014-01-20,苓雅市場,150.0
2014-01-20,中華市場,133.0
2014-01-20,旗山第一,142.0
2014-01-20,鳳山第一,0.0
2014-01-20,岡山文賢,158.0
2014-01-20,大寮大發,126.0
2014-01-20,橋頭市場,148.0
2014-01-21,國民市場,150.0
2014-01-21,鹽埕示範,133.0
2014-01-21,新興第二,133.0
2014-01-21,三民第二,133.0
2014-01-21,左營第四,133.0
2014-01-21,鼓山第三,133.0
2014-01-21,楠梓市場,133.0
2014-01-21,三民第一,150.0
2014-01-21,苓雅市場,150.0
2014-01-21,中華市場,133.0
2014-01-21,旗山第一,142.0
2014-01-21,鳳山第一,0.0
2014-01-21,岡山文賢,158.0
2014-01-21,大寮大發,126.0
2014-01-21,橋頭市場,148.0
2014-01-22,國民市場,150.0
2014-01-22,鹽埕示範,133.0
2014-01-22,新興第二,133.0
2014-01-22,三民第二,133.0
2014-01-22,左營第四,133.0
2014-01-22,鼓山第三,133.0
2014-01-22,楠梓市場,133.0
2014-01-22,三民第一,150.0
2014-01-22,苓雅市場,150.0
2014-01-22,中華市場,133.0
2014-01-22,旗山第一,142.0
2014-01-22,鳳山第一,0.0
2014-01-22,岡山文賢,158.0
2014-01-22,大寮大發,126.0
2014-01-22,橋頭市場,148.0
2014-01-23,國民市場,150.0
2014-01-23,鹽埕示範,133.0
2014-01-23,新興第二,133.0
2014-01-23,三民第二,133.0
2014-01-23,左營第四,133.0
2014-01-23,鼓山第三,133.0
2014-01-23,楠梓市場,133.0
2014-01-23,三民第一,150.0
2014-01-23,苓雅市場,150.0
2014-01-23,中華市場,133.0
2014-01-23,旗山第一,142.0
2014-01-23,鳳山第一,0.0
2014-01-23,岡山文賢,158.0
2014-01-23,大寮大發,126.0
2014-01-23,橋頭市場,148.0
2014-01-24,國民市場,150.0
2014-01-24,鹽埕示範,133.0
2014-01-24,新興第二,133.0
2014-01-24,三民第二,133.0
2014-01-24,左營第四,133.0
2014-01-24,鼓山第三,133.0
2014-01-24,楠梓市場,133.0
2014-01-24,三民第一,150.0
2014-01-24,苓雅市場,166.0
2014-01-24,中華市場,133.0
2014-01-24,旗山第一,142.0
2014-01-24,鳳山第一,0.0
2014-01-24,岡山文賢,158.0
2014-01-24,大寮大發,126.0
2014-01-24,橋頭市場,148.0
2014-01-25,國民市場,
2014-01-25,鹽埕示範,
2014-01-25,新興第二,
2014-01-25,三民第二,
2014-01-25,左營第四,
2014-01-25,鼓山第三,
2014-01-25,楠梓市場,
2014-01-25,三民第一,
2014-01-25,苓雅市場,
2014-01-25,中華市場,
2014-01-25,旗山第一,
2014-01-25,鳳山第一,
2014-01-25,岡山文賢,
2014-01-25,大寮大發,
2014-01-25,橋頭市場,
2014-01-26,國民市場,
2014-01-26,鹽埕示範,
2014-01-26,新興第二,
2014-01-26,三民第二,
2014-01-26,左營第四,
2014-01-26,鼓山第三,
2014-01-26,楠梓市場,
2014-01-26,三民第一,
2014-01-26,苓雅市場,
2014-01-26,中華市場,
2014-01-26,旗山第一,
2014-01-26,鳳山第一,
2014-01-26,岡山文賢,
2014-01-26,大寮大發,
2014-01-26,橋頭市場,
2014-01-27,國民市場,150.0
2014-01-27,鹽埕示範,133.0
2014-01-27,新興第二,133.0
2014-01-27,三民第二,133.0
2014-01-27,左營第四,133.0
2014-01-27,鼓山第三,133.0
2014-01-27,楠梓市場,133.0
2014-01-27,三民第一,150.0
2014-01-27,苓雅市場,166.0
2014-01-27,中華市場,133.0
2014-01-27,旗山第一,142.0
2014-01-27,鳳山第一,0.0
2014-01-27,岡山文賢,158.0
2014-01-27,大寮大發,126.0
2014-01-27,橋頭市場,148.0
2014-01-28,國民市場,166.0
2014-01-28,鹽埕示範,133.0
2014-01-28,新興第二,133.0
2014-01-28,三民第二,150.0
2014-01-28,左營第四,133.0
2014-01-28,鼓山第三,133.0
2014-01-28,楠梓市場,133.0
2014-01-28,三民第一,150.0
2014-01-28,苓雅市場,166.0
2014-01-28,中華市場,133.0
2014-01-28,旗山第一,142.0
2014-01-28,鳳山第一,0.0
2014-01-28,岡山文賢,158.0
2014-01-28,大寮大發,126.0
2014-01-28,橋頭市場,148.0
2014-01-29,國民市場,166.0
2014-01-29,鹽埕示範,133.0
2014-01-29,新興第二,133.0
2014-01-29,三民第二,150.0
2014-01-29,左營第四,133.0
2014-01-29,鼓山第三,133.0
2014-01-29,楠梓市場,133.0
2014-01-29,三民第一,150.0
2014-01-29,苓雅市場,133.0
2014-01-29,中華市場,133.0
2014-01-29,旗山第一,142.0
2014-01-29,鳳山第一,0.0
2014-01-29,岡山文賢,158.0
2014-01-29,大寮大發,126.0
2014-01-29,橋頭市場,148.0
2014-01-30,國民市場,
2014-01-30,鹽埕示範,
2014-01-30,新興第二,
2014-01-30,三民第二,
2014-01-30,左營第四,
2014-01-30,鼓山第三,
2014-01-30,楠梓市場,
2014-01-30,三民第一,
2014-01-30,苓雅市場,
2014-01-30,中華市場,
2014-01-30,旗山第一,
2014-01-30,鳳山第一,
2014-01-30,岡山文賢,
2014-01-30,大寮大發,
2014-01-30,橋頭市場,
2014-01-31,國民市場,
2014-01-31,鹽埕示範,
2014-01-31,新興第二,
2014-01-31,三民第二,
2014-01-31,左營第四,
2014-01-31,鼓山第三,
2014-01-31,楠梓市場,
2014-01-31,三民第一,
2014-01-31,苓雅市場,
2014-01-31,中華市場,
2014-01-31,旗山第一,
2014-01-31,鳳山第一,
2014-01-31,岡山文賢,
2014-01-31,大寮大發,
2014-01-31,橋頭市場,
2014-02-01,國民市場,
2014-02-01,鹽埕示範,
2014-02-01,新興第二,
2014-02-01,三民第二,
2014-02-01,左營第四,
2014-02-01,鼓山第三,
2014-02-01,楠梓市場,
2014-02-01,三民第一,
2014-02-01,苓雅市場,
2014-02-01,中華市場,
2014-02-01,旗山第一,
2014-02-01,鳳山第一,
2014-02-01,岡山文賢,
2014-02-01,大寮大發,
2014-02-01,橋頭市場,
2014-02-02,國民市場,
2014-02-02,鹽埕示範,
2014-02-02,新興第二,
2014-02-02,三民第二,
2014-02-02,左營第四,
2014-02-02,鼓山第三,
2014-02-02,楠梓市場,
2014-02-02,三民第一,
2014-02-02,苓雅市場,
2014-02-02,中華市場,
2014-02-02,旗山第一,
2014-02-02,鳳山第一,
2014-02-02,岡山文賢,
2014-02-02,大寮大發,
2014-02-02,橋頭市場,
2014-02-03,國民市場,
2014-02-03,鹽埕示範,
2014-02-03,新興第二,
2014-02-03,三民第二,
2014-02-03,左營第四,
2014-02-03,鼓山第三,
2014-02-03,楠梓市場,
2014-02-03,三民第一,
2014-02-03,苓雅市場,
2014-02-03,中華市場,
2014-02-03,旗山第一,
2014-02-03,鳳山第一,
2014-02-03,岡山文賢,
2014-02-03,大寮大發,
2014-02-03,橋頭市場,
2014-02-04,國民市場,
2014-02-04,鹽埕示範,
2014-02-04,新興第二,
2014-02-04,三民第二,
2014-02-04,左營第四,
2014-02-04,鼓山第三,
2014-02-04,楠梓市場,
2014-02-04,三民第一,
2014-02-04,苓雅市場,
2014-02-04,中華市場,
2014-02-04,旗山第一,
2014-02-04,鳳山第一,
2014-02-04,岡山文賢,
2014-02-04,大寮大發,
2014-02-04,橋頭市場,
2014-02-05,國民市場,
2014-02-05,鹽埕示範,133.0
2014-02-05,新興第二,133.0
2014-02-05,三民第二,150.0
2014-02-05,左營第四,133.0
2014-02-05,鼓山第三,133.0
2014-02-05,楠梓市場,133.0
2014-02-05,三民第一,133.0
2014-02-05,苓雅市場,133.0
2014-02-05,中華市場,133.0
2014-02-05,旗山第一,142.0
2014-02-05,鳳山第一,0.0
2014-02-05,岡山文賢,158.0
2014-02-05,大寮大發,126.0
2014-02-05,橋頭市場,158.0
2014-02-06,國民市場,
2014-02-06,鹽埕示範,133.0
2014-02-06,新興第二,133.0
2014-02-06,三民第二,150.0
2014-02-06,左營第四,133.0
2014-02-06,鼓山第三,133.0
2014-02-06,楠梓市場,133.0
2014-02-06,三民第一,133.0
2014-02-06,苓雅市場,133.0
2014-02-06,中華市場,133.0
2014-02-06,旗山第一,142.0
2014-02-06,鳳山第一,0.0
2014-02-06,岡山文賢,158.0
2014-02-06,大寮大發,132.0
2014-02-06,橋頭市場,158.0
2014-02-07,國民市場,
2014-02-07,鹽埕示範,133.0
2014-02-07,新興第二,133.0
2014-02-07,三民第二,150.0
2014-02-07,左營第四,133.0
2014-02-07,鼓山第三,133.0
2014-02-07,楠梓市場,133.0
2014-02-07,三民第一,133.0
2014-02-07,苓雅市場,133.0
2014-02-07,中華市場,133.0
2014-02-07,旗山第一,142.0
2014-02-07,鳳山第一,0.0
2014-02-07,岡山文賢,
2014-02-07,大寮大發,132.0
2014-02-07,橋頭市場,158.0
2014-02-08,國民市場,
2014-02-08,鹽埕示範,
2014-02-08,新興第二,
2014-02-08,三民第二,
2014-02-08,左營第四,
2014-02-08,鼓山第三,
2014-02-08,楠梓市場,
2014-02-08,三民第一,
2014-02-08,苓雅市場,
2014-02-08,中華市場,
2014-02-08,旗山第一,
2014-02-08,鳳山第一,
2014-02-08,岡山文賢,
2014-02-08,大寮大發,
2014-02-08,橋頭市場,
2014-02-09,國民市場,
2014-02-09,鹽埕示範,
2014-02-09,新興第二,
2014-02-09,三民第二,
2014-02-09,左營第四,
2014-02-09,鼓山第三,
2014-02-09,楠梓市場,
2014-02-09,三民第一,
2014-02-09,苓雅市場,
2014-02-09,中華市場,
2014-02-09,旗山第一,
2014-02-09,鳳山第一,
2014-02-09,岡山文賢,
2014-02-09,大寮大發,
2014-02-09,橋頭市場,
2014-02-10,國民市場,150.0
2014-02-10,鹽埕示範,133.0
2014-02-10,新興第二,133.0
2014-02-10,三民第二,133.0
2014-02-10,左營第四,133.0
2014-02-10,鼓山第三,133.0
2014-02-10,楠梓市場,133.0
2014-02-10,三民第一,133.0
2014-02-10,苓雅市場,150.0
2014-02-10,中華市場,133.0
2014-02-10,旗山第一,142.0
2014-02-10,鳳山第一,0.0
2014-02-10,岡山文賢,158.0
2014-02-10,大寮大發,132.0
2014-02-10,橋頭市場,158.0
2014-02-11,國民市場,150.0
2014-02-11,鹽埕示範,133.0
2014-02-11,新興第二,133.0
2014-02-11,三民第二,133.0
2014-02-11,左營第四,133.0
2014-02-11,鼓山第三,133.0
2014-02-11,楠梓市場,133.0
2014-02-11,三民第一,133.0
2014-02-11,苓雅市場,150.0
2014-02-11,中華市場,133.0
2014-02-11,旗山第一,142.0
2014-02-11,鳳山第一,0.0
2014-02-11,岡山文賢,158.0
2014-02-11,大寮大發,136.0
2014-02-11,橋頭市場,158.0
2014-02-12,國民市場,150.0
2014-02-12,鹽埕示範,133.0
2014-02-12,新興第二,133.0
2014-02-12,三民第二,133.0
2014-02-12,左營第四,133.0
2014-02-12,鼓山第三,133.0
2014-02-12,楠梓市場,133.0
2014-02-12,三民第一,133.0
2014-02-12,苓雅市場,150.0
2014-02-12,中華市場,133.0
2014-02-12,旗山第一,142.0
2014-02-12,鳳山第一,0.0
2014-02-12,岡山文賢,158.0
2014-02-12,大寮大發,136.0
2014-02-12,橋頭市場,158.0
2014-02-13,國民市場,150.0
2014-02-13,鹽埕示範,133.0
2014-02-13,新興第二,133.0
2014-02-13,三民第二,133.0
2014-02-13,左營第四,133.0
2014-02-13,鼓山第三,133.0
2014-02-13,楠梓市場,133.0
2014-02-13,三民第一,133.0
2014-02-13,苓雅市場,133.0
2014-02-13,中華市場,133.0
2014-02-13,旗山第一,142.0
2014-02-13,鳳山第一,0.0
2014-02-13,岡山文賢,158.0
2014-02-13,大寮大發,136.0
2014-02-13,橋頭市場,158.0
2014-02-14,國民市場,150.0
2014-02-14,鹽埕示範,133.0
2014-02-14,新興第二,133.0
2014-02-14,三民第二,150.0
2014-02-14,左營第四,133.0
2014-02-14,鼓山第三,133.0
2014-02-14,楠梓市場,133.0
2014-02-14,三民第一,133.0
2014-02-14,苓雅市場,133.0
2014-02-14,中華市場,133.0
2014-02-14,旗山第一,142.0
2014-02-14,鳳山第一,0.0
2014-02-14,岡山文賢,158.0
2014-02-14,大寮大發,136.0
2014-02-14,橋頭市場,158.0
2014-02-15,國民市場,
2014-02-15,鹽埕示範,
2014-02-15,新興第二,
2014-02-15,三民第二,
2014-02-15,左營第四,0.0
2014-02-15,鼓山第三,
2014-02-15,楠梓市場,
2014-02-15,三民第一,
2014-02-15,苓雅市場,
2014-02-15,中華市場,
2014-02-15,旗山第一,
2014-02-15,鳳山第一,
2014-02-15,岡山文賢,
2014-02-15,大寮大發,
2014-02-15,橋頭市場,
2014-02-16,國民市場,
2014-02-16,鹽埕示範,
2014-02-16,新興第二,
2014-02-16,三民第二,
2014-02-16,左營第四,
2014-02-16,鼓山第三,
2014-02-16,楠梓市場,
2014-02-16,三民第一,
2014-02-16,苓雅市場,
2014-02-16,中華市場,
2014-02-16,旗山第一,
2014-02-16,鳳山第一,
2014-02-16,岡山文賢,
2014-02-16,大寮大發,
2014-02-16,橋頭市場,
2014-02-17,國民市場,150.0
2014-02-17,鹽埕示範,133.0
2014-02-17,新興第二,133.0
2014-02-17,三民第二,150.0
2014-02-17,左營第四,133.0
2014-02-17,鼓山第三,133.0
2014-02-17,楠梓市場,133.0
2014-02-17,三民第一,133.0
2014-02-17,苓雅市場,133.0
2014-02-17,中華市場,150.0
2014-02-17,旗山第一,133.0
2014-02-17,鳳山第一,0.0
2014-02-17,岡山文賢,158.0
2014-02-17,大寮大發,136.0
2014-02-17,橋頭市場,158.0
2014-02-18,國民市場,150.0
2014-02-18,鹽埕示範,133.0
2014-02-18,新興第二,133.0
2014-02-18,三民第二,150.0
2014-02-18,左營第四,133.0
2014-02-18,鼓山第三,133.0
2014-02-18,楠梓市場,133.0
2014-02-18,三民第一,133.0
2014-02-18,苓雅市場,133.0
2014-02-18,中華市場,150.0
2014-02-18,旗山第一,133.0
2014-02-18,鳳山第一,0.0
2014-02-18,岡山文賢,158.0
2014-02-18,大寮大發,136.0
2014-02-18,橋頭市場,158.0
2014-02-19,國民市場,150.0
2014-02-19,鹽埕示範,133.0
2014-02-19,新興第二,133.0
2014-02-19,三民第二,150.0
2014-02-19,左營第四,133.0
2014-02-19,鼓山第三,133.0
2014-02-19,楠梓市場,133.0
2014-02-19,三民第一,133.0
2014-02-19,苓雅市場,133.0
2014-02-19,中華市場,150.0
2014-02-19,旗山第一,133.0
2014-02-19,鳳山第一,0.0
2014-02-19,岡山文賢,158.0
2014-02-19,大寮大發,136.0
2014-02-19,橋頭市場,158.0
2014-02-20,國民市場,150.0
2014-02-20,鹽埕示範,133.0
2014-02-20,新興第二,133.0
2014-02-20,三民第二,150.0
2014-02-20,左營第四,133.0
2014-02-20,鼓山第三,133.0
2014-02-20,楠梓市場,133.0
2014-02-20,三民第一,133.0
2014-02-20,苓雅市場,150.0
2014-02-20,中華市場,150.0
2014-02-20,旗山第一,133.0
2014-02-20,鳳山第一,0.0
2014-02-20,岡山文賢,158.0
2014-02-20,大寮大發,136.0
2014-02-20,橋頭市場,158.0
2014-02-21,國民市場,150.0
2014-02-21,鹽埕示範,133.0
2014-02-21,新興第二,133.0
2014-02-21,三民第二,150.0
2014-02-21,左營第四,133.0
2014-02-21,鼓山第三,133.0
2014-02-21,楠梓市場,150.0
2014-02-21,三民第一,133.0
2014-02-21,苓雅市場,150.0
2014-02-21,中華市場,166.0
2014-02-21,旗山第一,133.0
2014-02-21,鳳山第一,0.0
2014-02-21,岡山文賢,158.0
2014-02-21,大寮大發,136.0
2014-02-21,橋頭市場,158.0
2014-02-22,國民市場,
2014-02-22,鹽埕示範,
2014-02-22,新興第二,
2014-02-22,三民第二,
2014-02-22,左營第四,
2014-02-22,鼓山第三,
2014-02-22,楠梓市場,
2014-02-22,三民第一,
2014-02-22,苓雅市場,
2014-02-22,中華市場,
2014-02-22,旗山第一,
2014-02-22,鳳山第一,0.0
2014-02-22,岡山文賢,
2014-02-22,大寮大發,
2014-02-22,橋頭市場,
2014-02-23,國民市場,
2014-02-23,鹽埕示範,
2014-02-23,新興第二,
2014-02-23,三民第二,
2014-02-23,左營第四,
2014-02-23,鼓山第三,
2014-02-23,楠梓市場,
2014-02-23,三民第一,
2014-02-23,苓雅市場,
2014-02-23,中華市場,
2014-02-23,旗山第一,
2014-02-23,鳳山第一,
2014-02-23,岡山文賢,
2014-02-23,大寮大發,
2014-02-23,橋頭市場,
2014-02-24,國民市場,150.0
2014-02-24,鹽埕示範,133.0
2014-02-24,新興第二,133.0
2014-02-24,三民第二,150.0
2014-02-24,左營第四,133.0
2014-02-24,鼓山第三,133.0
2014-02-24,楠梓市場,150.0
2014-02-24,三民第一,133.0
2014-02-24,苓雅市場,150.0
2014-02-24,中華市場,166.0
2014-02-24,旗山第一,133.0
2014-02-24,鳳山第一,0.0
2014-02-24,岡山文賢,148.0
2014-02-24,大寮大發,132.0
2014-02-24,橋頭市場,158.0
2014-02-25,國民市場,150.0
2014-02-25,鹽埕示範,133.0
2014-02-25,新興第二,150.0
2014-02-25,三民第二,150.0
2014-02-25,左營第四,133.0
2014-02-25,鼓山第三,133.0
2014-02-25,楠梓市場,150.0
2014-02-25,三民第一,150.0
2014-02-25,苓雅市場,150.0
2014-02-25,中華市場,166.0
2014-02-25,旗山第一,133.0
2014-02-25,鳳山第一,0.0
2014-02-25,岡山文賢,148.0
2014-02-25,大寮大發,132.0
2014-02-25,橋頭市場,158.0
2014-02-26,國民市場,150.0
2014-02-26,鹽埕示範,133.0
2014-02-26,新興第二,133.0
2014-02-26,三民第二,150.0
2014-02-26,左營第四,133.0
2014-02-26,鼓山第三,133.0
2014-02-26,楠梓市場,150.0
2014-02-26,三民第一,150.0
2014-02-26,苓雅市場,150.0
2014-02-26,中華市場,166.0
2014-02-26,旗山第一,133.0
2014-02-26,鳳山第一,0.0
2014-02-26,岡山文賢,148.0
2014-02-26,大寮大發,132.0
2014-02-26,橋頭市場,158.0
2014-02-27,國民市場,
2014-02-27,鹽埕示範,133.0
2014-02-27,新興第二,133.0
2014-02-27,三民第二,150.0
2014-02-27,左營第四,133.0
2014-02-27,鼓山第三,133.0
2014-02-27,楠梓市場,150.0
2014-02-27,三民第一,150.0
2014-02-27,苓雅市場,150.0
2014-02-27,中華市場,166.0
2014-02-27,旗山第一,133.0
2014-02-27,鳳山第一,0.0
2014-02-27,岡山文賢,148.0
2014-02-27,大寮大發,132.0
2014-02-27,橋頭市場,158.0
2014-02-28,國民市場,
2014-02-28,鹽埕示範,
2014-02-28,新興第二,
2014-02-28,三民第二,
2014-02-28,左營第四,
2014-02-28,鼓山第三,
2014-02-28,楠梓市場,
2014-02-28,三民第一,
2014-02-28,苓雅市場,
2014-02-28,中華市場,
2014-02-28,旗山第一,
2014-02-28,鳳山第一,
2014-02-28,岡山文賢,
2014-02-28,大寮大發,
2014-02-28,橋頭市場,
2014-03-01,國民市場,
2014-03-01,鹽埕示範,
2014-03-01,新興第二,
2014-03-01,三民第二,
2014-03-01,左營第四,
2014-03-01,鼓山第三,
2014-03-01,楠梓市場,
2014-03-01,三民第一,
2014-03-01,苓雅市場,
2014-03-01,中華市場,
2014-03-01,旗山第一,
2014-03-01,鳳山第一,
2014-03-01,岡山文賢,
2014-03-01,大寮大發,
2014-03-01,橋頭市場,
2014-03-02,國民市場,
2014-03-02,鹽埕示範,
2014-03-02,新興第二,
2014-03-02,三民第二,
2014-03-02,左營第四,
2014-03-02,鼓山第三,
2014-03-02,楠梓市場,
2014-03-02,三民第一,
2014-03-02,苓雅市場,
2014-03-02,中華市場,
2014-03-02,旗山第一,
2014-03-02,鳳山第一,
2014-03-02,岡山文賢,
2014-03-02,大寮大發,
2014-03-02,橋頭市場,
2014-03-03,國民市場,150.0
2014-03-03,鹽埕示範,133.0
2014-03-03,新興第二,150.0
2014-03-03,三民第二,150.0
2014-03-03,左營第四,133.0
2014-03-03,鼓山第三,133.0
2014-03-03,楠梓市場,150.0
2014-03-03,三民第一,167.0
2014-03-03,苓雅市場,150.0
2014-03-03,中華市場,166.0
2014-03-03,旗山第一,133.0
2014-03-03,鳳山第一,0.0
2014-03-03,岡山文賢,158.0
2014-03-03,大寮大發,132.0
2014-03-03,橋頭市場,158.0
2014-03-04,國民市場,150.0
2014-03-04,鹽埕示範,150.0
2014-03-04,新興第二,150.0
2014-03-04,三民第二,150.0
2014-03-04,左營第四,133.0
2014-03-04,鼓山第三,133.0
2014-03-04,楠梓市場,150.0
2014-03-04,三民第一,167.0
2014-03-04,苓雅市場,150.0
2014-03-04,中華市場,166.0
2014-03-04,旗山第一,133.0
2014-03-04,鳳山第一,0.0
2014-03-04,岡山文賢,158.0
2014-03-04,大寮大發,132.0
2014-03-04,橋頭市場,158.0
2014-03-05,國民市場,150.0
2014-03-05,鹽埕示範,150.0
2014-03-05,新興第二,150.0
2014-03-05,三民第二,150.0
2014-03-05,左營第四,133.0
2014-03-05,鼓山第三,133.0
2014-03-05,楠梓市場,150.0
2014-03-05,三民第一,167.0
2014-03-05,苓雅市場,150.0
2014-03-05,中華市場,166.0
2014-03-05,旗山第一,133.0
2014-03-05,鳳山第一,0.0
2014-03-05,岡山文賢,158.0
2014-03-05,大寮大發,132.0
2014-03-05,橋頭市場,158.0
2014-03-06,國民市場,
2014-03-06,鹽埕示範,150.0
2014-03-06,新興第二,150.0
2014-03-06,三民第二,150.0
2014-03-06,左營第四,133.0
2014-03-06,鼓山第三,133.0
2014-03-06,楠梓市場,150.0
2014-03-06,三民第一,167.0
2014-03-06,苓雅市場,150.0
2014-03-06,中華市場,166.0
2014-03-06,旗山第一,133.0
2014-03-06,鳳山第一,0.0
2014-03-06,岡山文賢,158.0
2014-03-06,大寮大發,138.0
2014-03-06,橋頭市場,158.0
2014-03-07,國民市場,150.0
2014-03-07,鹽埕示範,150.0
2014-03-07,新興第二,150.0
2014-03-07,三民第二,150.0
2014-03-07,左營第四,133.0
2014-03-07,鼓山第三,133.0
2014-03-07,楠梓市場,150.0
2014-03-07,三民第一,167.0
2014-03-07,苓雅市場,166.0
2014-03-07,中華市場,166.0
2014-03-07,旗山第一,133.0
2014-03-07,鳳山第一,0.0
2014-03-07,岡山文賢,158.0
2014-03-07,大寮大發,138.0
2014-03-07,橋頭市場,158.0
2014-03-08,國民市場,
2014-03-08,鹽埕示範,
2014-03-08,新興第二,
2014-03-08,三民第二,
2014-03-08,左營第四,
2014-03-08,鼓山第三,
2014-03-08,楠梓市場,
2014-03-08,三民第一,
2014-03-08,苓雅市場,
2014-03-08,中華市場,
2014-03-08,旗山第一,
2014-03-08,鳳山第一,
2014-03-08,岡山文賢,
2014-03-08,大寮大發,
2014-03-08,橋頭市場,
2014-03-09,國民市場,
2014-03-09,鹽埕示範,
2014-03-09,新興第二,
2014-03-09,三民第二,
2014-03-09,左營第四,
2014-03-09,鼓山第三,
2014-03-09,楠梓市場,
2014-03-09,三民第一,
2014-03-09,苓雅市場,
2014-03-09,中華市場,
2014-03-09,旗山第一,
2014-03-09,鳳山第一,
2014-03-09,岡山文賢,
2014-03-09,大寮大發,
2014-03-09,橋頭市場,
2014-03-10,國民市場,166.0
2014-03-10,鹽埕示範,150.0
2014-03-10,新興第二,150.0
2014-03-10,三民第二,150.0
2014-03-10,左營第四,133.0
2014-03-10,鼓山第三,133.0
2014-03-10,楠梓市場,150.0
2014-03-10,三民第一,167.0
2014-03-10,苓雅市場,166.0
2014-03-10,中華市場,166.0
2014-03-10,旗山第一,133.0
2014-03-10,鳳山第一,0.0
2014-03-10,岡山文賢,158.0
2014-03-10,大寮大發,138.0
2014-03-10,橋頭市場,158.0
2014-03-11,國民市場,166.0
2014-03-11,鹽埕示範,150.0
2014-03-11,新興第二,150.0
2014-03-11,三民第二,150.0
2014-03-11,左營第四,133.0
2014-03-11,鼓山第三,133.0
2014-03-11,楠梓市場,150.0
2014-03-11,三民第一,167.0
2014-03-11,苓雅市場,150.0
2014-03-11,中華市場,166.0
2014-03-11,旗山第一,133.0
2014-03-11,鳳山第一,0.0
2014-03-11,岡山文賢,158.0
2014-03-11,大寮大發,138.0
2014-03-11,橋頭市場,158.0
2014-03-12,國民市場,166.0
2014-03-12,鹽埕示範,150.0
2014-03-12,新興第二,150.0
2014-03-12,三民第二,150.0
2014-03-12,左營第四,133.0
2014-03-12,鼓山第三,133.0
2014-03-12,楠梓市場,150.0
2014-03-12,三民第一,167.0
2014-03-12,苓雅市場,150.0
2014-03-12,中華市場,166.0
2014-03-12,旗山第一,133.0
2014-03-12,鳳山第一,0.0
2014-03-12,岡山文賢,158.0
2014-03-12,大寮大發,138.0
2014-03-12,橋頭市場,158.0
2014-03-13,國民市場,
2014-03-13,鹽埕示範,150.0
2014-03-13,新興第二,150.0
2014-03-13,三民第二,150.0
2014-03-13,左營第四,133.0
2014-03-13,鼓山第三,133.0
2014-03-13,楠梓市場,150.0
2014-03-13,三民第一,167.0
2014-03-13,苓雅市場,166.0
2014-03-13,中華市場,166.0
2014-03-13,旗山第一,133.0
2014-03-13,鳳山第一,0.0
2014-03-13,岡山文賢,158.0
2014-03-13,大寮大發,138.0
2014-03-13,橋頭市場,158.0
2014-03-14,國民市場,166.0
2014-03-14,鹽埕示範,150.0
2014-03-14,新興第二,150.0
2014-03-14,三民第二,150.0
2014-03-14,左營第四,133.0
2014-03-14,鼓山第三,133.0
2014-03-14,楠梓市場,150.0
2014-03-14,三民第一,167.0
2014-03-14,苓雅市場,150.0
2014-03-14,中華市場,166.0
2014-03-14,旗山第一,133.0
2014-03-14,鳳山第一,0.0
2014-03-14,岡山文賢,158.0
2014-03-14,大寮大發,138.0
2014-03-14,橋頭市場,158.0
2014-03-15,國民市場,
2014-03-15,鹽埕示範,
2014-03-15,新興第二,
2014-03-15,三民第二,
2014-03-15,左營第四,
2014-03-15,鼓山第三,
2014-03-15,楠梓市場,
2014-03-15,三民第一,
2014-03-15,苓雅市場,
2014-03-15,中華市場,
2014-03-15,旗山第一,
2014-03-15,鳳山第一,
2014-03-15,岡山文賢,
2014-03-15,大寮大發,
2014-03-15,橋頭市場,
2014-03-16,國民市場,
2014-03-16,鹽埕示範,
2014-03-16,新興第二,
2014-03-16,三民第二,
2014-03-16,左營第四,
2014-03-16,鼓山第三,
2014-03-16,楠梓市場,
2014-03-16,三民第一,
2014-03-16,苓雅市場,
2014-03-16,中華市場,
2014-03-16,旗山第一,
2014-03-16,鳳山第一,
2014-03-16,岡山文賢,
2014-03-16,大寮大發,
2014-03-16,橋頭市場,
2014-03-17,國民市場,
2014-03-17,鹽埕示範,
2014-03-17,新興第二,
2014-03-17,三民第二,
2014-03-17,左營第四,
2014-03-17,鼓山第三,
2014-03-17,楠梓市場,
2014-03-17,三民第一,
2014-03-17,苓雅市場,
2014-03-17,中華市場,
2014-03-17,旗山第一,133.0
2014-03-17,鳳山第一,
2014-03-17,岡山文賢,
2014-03-17,大寮大發,
2014-03-17,橋頭市場,
2014-03-18,國民市場,166.0
2014-03-18,鹽埕示範,150.0
2014-03-18,新興第二,150.0
2014-03-18,三民第二,166.0
2014-03-18,左營第四,133.0
2014-03-18,鼓山第三,133.0
2014-03-18,楠梓市場,150.0
2014-03-18,三民第一,167.0
2014-03-18,苓雅市場,150.0
2014-03-18,中華市場,166.0
2014-03-18,旗山第一,133.0
2014-03-18,鳳山第一,0.0
2014-03-18,岡山文賢,200.0
2014-03-18,大寮大發,152.0
2014-03-18,橋頭市場,200.0
2014-03-19,國民市場,166.0
2014-03-19,鹽埕示範,150.0
2014-03-19,新興第二,150.0
2014-03-19,三民第二,166.0
2014-03-19,左營第四,133.0
2014-03-19,鼓山第三,133.0
2014-03-19,楠梓市場,150.0
2014-03-19,三民第一,167.0
2014-03-19,苓雅市場,166.0
2014-03-19,中華市場,166.0
2014-03-19,旗山第一,133.0
2014-03-19,鳳山第一,0.0
2014-03-19,岡山文賢,200.0
2014-03-19,大寮大發,152.0
2014-03-19,橋頭市場,200.0
2014-03-20,國民市場,166.0
2014-03-20,鹽埕示範,150.0
2014-03-20,新興第二,150.0
2014-03-20,三民第二,166.0
2014-03-20,左營第四,133.0
2014-03-20,鼓山第三,133.0
2014-03-20,楠梓市場,150.0
2014-03-20,三民第一,167.0
2014-03-20,苓雅市場,166.0
2014-03-20,中華市場,166.0
2014-03-20,旗山第一,133.0
2014-03-20,鳳山第一,0.0
2014-03-20,岡山文賢,200.0
2014-03-20,大寮大發,152.0
2014-03-20,橋頭市場,200.0
2014-03-21,國民市場,166.0
2014-03-21,鹽埕示範,150.0
2014-03-21,新興第二,150.0
2014-03-21,三民第二,166.0
2014-03-21,左營第四,133.0
2014-03-21,鼓山第三,166.0
2014-03-21,楠梓市場,150.0
2014-03-21,三民第一,167.0
2014-03-21,苓雅市場,166.0
2014-03-21,中華市場,166.0
2014-03-21,旗山第一,133.0
2014-03-21,鳳山第一,0.0
2014-03-21,岡山文賢,200.0
2014-03-21,大寮大發,160.0
2014-03-21,橋頭市場,200.0
2014-03-22,國民市場,
2014-03-22,鹽埕示範,
2014-03-22,新興第二,
2014-03-22,三民第二,
2014-03-22,左營第四,
2014-03-22,鼓山第三,
2014-03-22,楠梓市場,
2014-03-22,三民第一,
2014-03-22,苓雅市場,
2014-03-22,中華市場,
2014-03-22,旗山第一,
2014-03-22,鳳山第一,
2014-03-22,岡山文賢,
2014-03-22,大寮大發,
2014-03-22,橋頭市場,
2014-03-23,國民市場,
2014-03-23,鹽埕示範,
2014-03-23,新興第二,
2014-03-23,三民第二,
2014-03-23,左營第四,
2014-03-23,鼓山第三,
2014-03-23,楠梓市場,
2014-03-23,三民第一,
2014-03-23,苓雅市場,
2014-03-23,中華市場,
2014-03-23,旗山第一,
2014-03-23,鳳山第一,
2014-03-23,岡山文賢,
2014-03-23,大寮大發,
2014-03-23,橋頭市場,
2014-03-24,國民市場,166.0
2014-03-24,鹽埕示範,150.0
2014-03-24,新興第二,150.0
2014-03-24,三民第二,183.0
2014-03-24,左營第四,133.0
2014-03-24,鼓山第三,166.0
2014-03-24,楠梓市場,150.0
2014-03-24,三民第一,167.0
2014-03-24,苓雅市場,166.0
2014-03-24,中華市場,166.0
2014-03-24,旗山第一,133.0
2014-03-24,鳳山第一,0.0
2014-03-24,岡山文賢,217.0
2014-03-24,大寮大發,160.0
2014-03-24,橋頭市場,217.0
2014-03-25,國民市場,166.0
2014-03-25,鹽埕示範,150.0
2014-03-25,新興第二,150.0
2014-03-25,三民第二,183.0
2014-03-25,左營第四,133.0
2014-03-25,鼓山第三,166.0
2014-03-25,楠梓市場,150.0
2014-03-25,三民第一,167.0
2014-03-25,苓雅市場,166.0
2014-03-25,中華市場,166.0
2014-03-25,旗山第一,133.0
2014-03-25,鳳山第一,0.0
2014-03-25,岡山文賢,217.0
2014-03-25,大寮大發,160.0
2014-03-25,橋頭市場,217.0
2014-03-26,國民市場,166.0
2014-03-26,鹽埕示範,150.0
2014-03-26,新興第二,150.0
2014-03-26,三民第二,183.0
2014-03-26,左營第四,133.0
2014-03-26,鼓山第三,166.0
2014-03-26,楠梓市場,150.0
2014-03-26,三民第一,167.0
2014-03-26,苓雅市場,166.0
2014-03-26,中華市場,166.0
2014-03-26,旗山第一,133.0
2014-03-26,鳳山第一,0.0
2014-03-26,岡山文賢,217.0
2014-03-26,大寮大發,156.0
2014-03-26,橋頭市場,217.0
2014-03-27,國民市場,166.0
2014-03-27,鹽埕示範,150.0
2014-03-27,新興第二,150.0
2014-03-27,三民第二,183.0
2014-03-27,左營第四,133.0
2014-03-27,鼓山第三,166.0
2014-03-27,楠梓市場,150.0
2014-03-27,三民第一,167.0
2014-03-27,苓雅市場,166.0
2014-03-27,中華市場,166.0
2014-03-27,旗山第一,133.0
2014-03-27,鳳山第一,0.0
2014-03-27,岡山文賢,217.0
2014-03-27,大寮大發,156.0
2014-03-27,橋頭市場,217.0
2014-03-28,國民市場,166.0
2014-03-28,鹽埕示範,150.0
2014-03-28,新興第二,150.0
2014-03-28,三民第二,183.0
2014-03-28,左營第四,133.0
2014-03-28,鼓山第三,166.0
2014-03-28,楠梓市場,150.0
2014-03-28,三民第一,167.0
2014-03-28,苓雅市場,166.0
2014-03-28,中華市場,166.0
2014-03-28,旗山第一,133.0
2014-03-28,鳳山第一,0.0
2014-03-28,岡山文賢,217.0
2014-03-28,大寮大發,152.0
2014-03-28,橋頭市場,217.0
2014-03-29,國民市場,
2014-03-29,鹽埕示範,
2014-03-29,新興第二,150.0
2014-03-29,三民第二,
2014-03-29,左營第四,133.0
2014-03-29,鼓山第三,
2014-03-29,楠梓市場,
2014-03-29,三民第一,167.0
2014-03-29,苓雅市場,
2014-03-29,中華市場,
2014-03-29,旗山第一,
2014-03-29,鳳山第一,
2014-03-29,岡山文賢,
2014-03-29,大寮大發,
2014-03-29,橋頭市場,
2014-03-30,國民市場,
2014-03-30,鹽埕示範,
2014-03-30,新興第二,150.0
2014-03-30,三民第二,
2014-03-30,左營第四,133.0
2014-03-30,鼓山第三,
2014-03-30,楠梓市場,
2014-03-30,三民第一,167.0
2014-03-30,苓雅市場,
2014-03-30,中華市場,
2014-03-30,旗山第一,
2014-03-30,鳳山第一,
2014-03-30,岡山文賢,
2014-03-30,大寮大發,
2014-03-30,橋頭市場,
2014-03-31,國民市場,183.0
2014-03-31,鹽埕示範,150.0
2014-03-31,新興第二,150.0
2014-03-31,三民第二,183.0
2014-03-31,左營第四,133.0
2014-03-31,鼓山第三,166.0
2014-03-31,楠梓市場,150.0
2014-03-31,三民第一,167.0
2014-03-31,苓雅市場,166.0
2014-03-31,中華市場,166.0
2014-03-31,旗山第一,133.0
2014-03-31,鳳山第一,0.0
2014-03-31,岡山文賢,200.0
2014-03-31,大寮大發,152.0
2014-03-31,橋頭市場,217.0
2014-04-01,國民市場,183.0
2014-04-01,鹽埕示範,150.0
2014-04-01,新興第二,150.0
2014-04-01,三民第二,183.0
2014-04-01,左營第四,133.0
2014-04-01,鼓山第三,166.0
2014-04-01,楠梓市場,150.0
2014-04-01,三民第一,167.0
2014-04-01,苓雅市場,166.0
2014-04-01,中華市場,166.0
2014-04-01,旗山第一,133.0
2014-04-01,鳳山第一,0.0
2014-04-01,岡山文賢,120.0
2014-04-01,大寮大發,152.0
2014-04-01,橋頭市場,217.0
2014-04-02,國民市場,166.0
2014-04-02,鹽埕示範,150.0
2014-04-02,新興第二,150.0
2014-04-02,三民第二,183.0
2014-04-02,左營第四,133.0
2014-04-02,鼓山第三,166.0
2014-04-02,楠梓市場,150.0
2014-04-02,三民第一,167.0
2014-04-02,苓雅市場,150.0
2014-04-02,中華市場,150.0
2014-04-02,旗山第一,133.0
2014-04-02,鳳山第一,0.0
2014-04-02,岡山文賢,120.0
2014-04-02,大寮大發,152.0
2014-04-02,橋頭市場,217.0
2014-04-03,國民市場,166.0
2014-04-03,鹽埕示範,150.0
2014-04-03,新興第二,150.0
2014-04-03,三民第二,183.0
2014-04-03,左營第四,133.0
2014-04-03,鼓山第三,166.0
2014-04-03,楠梓市場,150.0
2014-04-03,三民第一,167.0
2014-04-03,苓雅市場,150.0
2014-04-03,中華市場,150.0
2014-04-03,旗山第一,133.0
2014-04-03,鳳山第一,0.0
2014-04-03,岡山文賢,120.0
2014-04-03,大寮大發,146.0
2014-04-03,橋頭市場,217.0
2014-04-04,國民市場,
2014-04-04,鹽埕示範,
2014-04-04,新興第二,
2014-04-04,三民第二,
2014-04-04,左營第四,
2014-04-04,鼓山第三,
2014-04-04,楠梓市場,
2014-04-04,三民第一,
2014-04-04,苓雅市場,
2014-04-04,中華市場,
2014-04-04,旗山第一,
2014-04-04,鳳山第一,
2014-04-04,岡山文賢,
2014-04-04,大寮大發,
2014-04-04,橋頭市場,
2014-04-05,國民市場,
2014-04-05,鹽埕示範,
2014-04-05,新興第二,
2014-04-05,三民第二,
2014-04-05,左營第四,
2014-04-05,鼓山第三,
2014-04-05,楠梓市場,
2014-04-05,三民第一,
2014-04-05,苓雅市場,
2014-04-05,中華市場,
2014-04-05,旗山第一,
2014-04-05,鳳山第一,
2014-04-05,岡山文賢,
2014-04-05,大寮大發,
2014-04-05,橋頭市場,
2014-04-06,國民市場,
2014-04-06,鹽埕示範,
2014-04-06,新興第二,
2014-04-06,三民第二,
2014-04-06,左營第四,
2014-04-06,鼓山第三,
2014-04-06,楠梓市場,
2014-04-06,三民第一,
2014-04-06,苓雅市場,
2014-04-06,中華市場,
2014-04-06,旗山第一,
2014-04-06,鳳山第一,
2014-04-06,岡山文賢,
2014-04-06,大寮大發,
2014-04-06,橋頭市場,
2014-04-07,國民市場,166.0
2014-04-07,鹽埕示範,150.0
2014-04-07,新興第二,150.0
2014-04-07,三民第二,166.0
2014-04-07,左營第四,133.0
2014-04-07,鼓山第三,166.0
2014-04-07,楠梓市場,167.0
2014-04-07,三民第一,167.0
2014-04-07,苓雅市場,150.0
2014-04-07,中華市場,150.0
2014-04-07,旗山第一,133.0
2014-04-07,鳳山第一,0.0
2014-04-07,岡山文賢,158.0
2014-04-07,大寮大發,146.0
2014-04-07,橋頭市場,217.0
2014-04-08,國民市場,166.0
2014-04-08,鹽埕示範,150.0
2014-04-08,新興第二,150.0
2014-04-08,三民第二,166.0
2014-04-08,左營第四,133.0
2014-04-08,鼓山第三,166.0
2014-04-08,楠梓市場,167.0
2014-04-08,三民第一,167.0
2014-04-08,苓雅市場,150.0
2014-04-08,中華市場,150.0
2014-04-08,旗山第一,133.0
2014-04-08,鳳山第一,0.0
2014-04-08,岡山文賢,158.0
2014-04-08,大寮大發,146.0
2014-04-08,橋頭市場,217.0
2014-04-09,國民市場,166.0
2014-04-09,鹽埕示範,150.0
2014-04-09,新興第二,150.0
2014-04-09,三民第二,166.0
2014-04-09,左營第四,133.0
2014-04-09,鼓山第三,166.0
2014-04-09,楠梓市場,167.0
2014-04-09,三民第一,167.0
2014-04-09,苓雅市場,166.0
2014-04-09,中華市場,150.0
2014-04-09,旗山第一,133.0
2014-04-09,鳳山第一,0.0
2014-04-09,岡山文賢,158.0
2014-04-09,大寮大發,146.0
2014-04-09,橋頭市場,217.0
2014-04-10,國民市場,166.0
2014-04-10,鹽埕示範,150.0
2014-04-10,新興第二,150.0
2014-04-10,三民第二,166.0
2014-04-10,左營第四,133.0
2014-04-10,鼓山第三,166.0
2014-04-10,楠梓市場,167.0
2014-04-10,三民第一,167.0
2014-04-10,苓雅市場,166.0
2014-04-10,中華市場,150.0
2014-04-10,旗山第一,133.0
2014-04-10,鳳山第一,0.0
2014-04-10,岡山文賢,158.0
2014-04-10,大寮大發,146.0
2014-04-10,橋頭市場,217.0
2014-04-11,國民市場,166.0
2014-04-11,鹽埕示範,150.0
2014-04-11,新興第二,150.0
2014-04-11,三民第二,166.0
2014-04-11,左營第四,133.0
2014-04-11,鼓山第三,166.0
2014-04-11,楠梓市場,167.0
2014-04-11,三民第一,167.0
2014-04-11,苓雅市場,166.0
2014-04-11,中華市場,150.0
2014-04-11,旗山第一,133.0
2014-04-11,鳳山第一,0.0
2014-04-11,岡山文賢,158.0
2014-04-11,大寮大發,146.0
2014-04-11,橋頭市場,217.0
2014-04-12,國民市場,
2014-04-12,鹽埕示範,
2014-04-12,新興第二,
2014-04-12,三民第二,
2014-04-12,左營第四,
2014-04-12,鼓山第三,
2014-04-12,楠梓市場,
2014-04-12,三民第一,
2014-04-12,苓雅市場,
2014-04-12,中華市場,
2014-04-12,旗山第一,
2014-04-12,鳳山第一,
2014-04-12,岡山文賢,
2014-04-12,大寮大發,
2014-04-12,橋頭市場,
2014-04-13,國民市場,
2014-04-13,鹽埕示範,
2014-04-13,新興第二,
2014-04-13,三民第二,
2014-04-13,左營第四,
2014-04-13,鼓山第三,
2014-04-13,楠梓市場,
2014-04-13,三民第一,
2014-04-13,苓雅市場,
2014-04-13,中華市場,
2014-04-13,旗山第一,
2014-04-13,鳳山第一,
2014-04-13,岡山文賢,
2014-04-13,大寮大發,
2014-04-13,橋頭市場,
2014-04-14,國民市場,166.0
2014-04-14,鹽埕示範,150.0
2014-04-14,新興第二,150.0
2014-04-14,三民第二,166.0
2014-04-14,左營第四,133.0
2014-04-14,鼓山第三,166.0
2014-04-14,楠梓市場,167.0
2014-04-14,三民第一,167.0
2014-04-14,苓雅市場,166.0
2014-04-14,中華市場,150.0
2014-04-14,旗山第一,133.0
2014-04-14,鳳山第一,0.0
2014-04-14,岡山文賢,158.0
2014-04-14,大寮大發,138.0
2014-04-14,橋頭市場,158.0
2014-04-15,國民市場,166.0
2014-04-15,鹽埕示範,150.0
2014-04-15,新興第二,150.0
2014-04-15,三民第二,166.0
2014-04-15,左營第四,133.0
2014-04-15,鼓山第三,166.0
2014-04-15,楠梓市場,167.0
2014-04-15,三民第一,167.0
2014-04-15,苓雅市場,166.0
2014-04-15,中華市場,150.0
2014-04-15,旗山第一,133.0
2014-04-15,鳳山第一,0.0
2014-04-15,岡山文賢,158.0
2014-04-15,大寮大發,136.0
2014-04-15,橋頭市場,158.0
2014-04-16,國民市場,
2014-04-16,鹽埕示範,
2014-04-16,新興第二,150.0
2014-04-16,三民第二,
2014-04-16,左營第四,133.0
2014-04-16,鼓山第三,
2014-04-16,楠梓市場,167.0
2014-04-16,三民第一,167.0
2014-04-16,苓雅市場,
2014-04-16,中華市場,
2014-04-16,旗山第一,133.0
2014-04-16,鳳山第一,
2014-04-16,岡山文賢,
2014-04-16,大寮大發,
2014-04-16,橋頭市場,
2014-04-17,國民市場,166.0
2014-04-17,鹽埕示範,150.0
2014-04-17,新興第二,150.0
2014-04-17,三民第二,166.0
2014-04-17,左營第四,133.0
2014-04-17,鼓山第三,166.0
2014-04-17,楠梓市場,167.0
2014-04-17,三民第一,167.0
2014-04-17,苓雅市場,150.0
2014-04-17,中華市場,150.0
2014-04-17,旗山第一,133.0
2014-04-17,鳳山第一,0.0
2014-04-17,岡山文賢,158.0
2014-04-17,大寮大發,133.0
2014-04-17,橋頭市場,158.0
2014-04-18,國民市場,166.0
2014-04-18,鹽埕示範,150.0
2014-04-18,新興第二,150.0
2014-04-18,三民第二,166.0
2014-04-18,左營第四,133.0
2014-04-18,鼓山第三,166.0
2014-04-18,楠梓市場,167.0
2014-04-18,三民第一,167.0
2014-04-18,苓雅市場,150.0
2014-04-18,中華市場,150.0
2014-04-18,旗山第一,133.0
2014-04-18,鳳山第一,0.0
2014-04-18,岡山文賢,158.0
2014-04-18,大寮大發,136.0
2014-04-18,橋頭市場,158.0
2014-04-19,國民市場,
2014-04-19,鹽埕示範,
2014-04-19,新興第二,
2014-04-19,三民第二,
2014-04-19,左營第四,
2014-04-19,鼓山第三,
2014-04-19,楠梓市場,
2014-04-19,三民第一,167.0
2014-04-19,苓雅市場,
2014-04-19,中華市場,
2014-04-19,旗山第一,
2014-04-19,鳳山第一,
2014-04-19,岡山文賢,
2014-04-19,大寮大發,
2014-04-19,橋頭市場,
2014-04-20,國民市場,
2014-04-20,鹽埕示範,
2014-04-20,新興第二,
2014-04-20,三民第二,
2014-04-20,左營第四,
2014-04-20,鼓山第三,
2014-04-20,楠梓市場,
2014-04-20,三民第一,
2014-04-20,苓雅市場,
2014-04-20,中華市場,
2014-04-20,旗山第一,
2014-04-20,鳳山第一,
2014-04-20,岡山文賢,
2014-04-20,大寮大發,
2014-04-20,橋頭市場,
2014-04-21,國民市場,
2014-04-21,鹽埕示範,150.0
2014-04-21,新興第二,150.0
2014-04-21,三民第二,166.0
2014-04-21,左營第四,133.0
2014-04-21,鼓山第三,166.0
2014-04-21,楠梓市場,167.0
2014-04-21,三民第一,167.0
2014-04-21,苓雅市場,166.0
2014-04-21,中華市場,150.0
2014-04-21,旗山第一,133.0
2014-04-21,鳳山第一,0.0
2014-04-21,岡山文賢,148.0
2014-04-21,大寮大發,136.0
2014-04-21,橋頭市場,158.0
2014-04-22,國民市場,166.0
2014-04-22,鹽埕示範,150.0
2014-04-22,新興第二,150.0
2014-04-22,三民第二,166.0
2014-04-22,左營第四,133.0
2014-04-22,鼓山第三,166.0
2014-04-22,楠梓市場,167.0
2014-04-22,三民第一,167.0
2014-04-22,苓雅市場,166.0
2014-04-22,中華市場,150.0
2014-04-22,旗山第一,133.0
2014-04-22,鳳山第一,0.0
2014-04-22,岡山文賢,148.0
2014-04-22,大寮大發,132.0
2014-04-22,橋頭市場,158.0
2014-04-23,國民市場,166.0
2014-04-23,鹽埕示範,150.0
2014-04-23,新興第二,150.0
2014-04-23,三民第二,150.0
2014-04-23,左營第四,133.0
2014-04-23,鼓山第三,166.0
2014-04-23,楠梓市場,167.0
2014-04-23,三民第一,150.0
2014-04-23,苓雅市場,150.0
2014-04-23,中華市場,150.0
2014-04-23,旗山第一,133.0
2014-04-23,鳳山第一,0.0
2014-04-23,岡山文賢,148.0
2014-04-23,大寮大發,132.0
2014-04-23,橋頭市場,148.0
2014-04-24,國民市場,166.0
2014-04-24,鹽埕示範,150.0
2014-04-24,新興第二,150.0
2014-04-24,三民第二,150.0
2014-04-24,左營第四,133.0
2014-04-24,鼓山第三,166.0
2014-04-24,楠梓市場,167.0
2014-04-24,三民第一,150.0
2014-04-24,苓雅市場,150.0
2014-04-24,中華市場,150.0
2014-04-24,旗山第一,133.0
2014-04-24,鳳山第一,0.0
2014-04-24,岡山文賢,148.0
2014-04-24,大寮大發,132.0
2014-04-24,橋頭市場,148.0
2014-04-25,國民市場,
2014-04-25,鹽埕示範,150.0
2014-04-25,新興第二,150.0
2014-04-25,三民第二,150.0
2014-04-25,左營第四,133.0
2014-04-25,鼓山第三,166.0
2014-04-25,楠梓市場,167.0
2014-04-25,三民第一,150.0
2014-04-25,苓雅市場,150.0
2014-04-25,中華市場,150.0
2014-04-25,旗山第一,133.0
2014-04-25,鳳山第一,0.0
2014-04-25,岡山文賢,148.0
2014-04-25,大寮大發,132.0
2014-04-25,橋頭市場,148.0
2014-04-26,國民市場,
2014-04-26,鹽埕示範,
2014-04-26,新興第二,
2014-04-26,三民第二,
2014-04-26,左營第四,
2014-04-26,鼓山第三,
2014-04-26,楠梓市場,
2014-04-26,三民第一,
2014-04-26,苓雅市場,
2014-04-26,中華市場,
2014-04-26,旗山第一,
2014-04-26,鳳山第一,
2014-04-26,岡山文賢,
2014-04-26,大寮大發,
2014-04-26,橋頭市場,
2014-04-27,國民市場,
2014-04-27,鹽埕示範,
2014-04-27,新興第二,
2014-04-27,三民第二,
2014-04-27,左營第四,
2014-04-27,鼓山第三,
2014-04-27,楠梓市場,
2014-04-27,三民第一,
2014-04-27,苓雅市場,
2014-04-27,中華市場,
2014-04-27,旗山第一,
2014-04-27,鳳山第一,
2014-04-27,岡山文賢,
2014-04-27,大寮大發,
2014-04-27,橋頭市場,
2014-04-28,國民市場,180.0
2014-04-28,鹽埕示範,150.0
2014-04-28,新興第二,133.0
2014-04-28,三民第二,150.0
2014-04-28,左營第四,133.0
2014-04-28,鼓山第三,166.0
2014-04-28,楠梓市場,167.0
2014-04-28,三民第一,150.0
2014-04-28,苓雅市場,150.0
2014-04-28,中華市場,150.0
2014-04-28,旗山第一,133.0
2014-04-28,鳳山第一,0.0
2014-04-28,岡山文賢,158.0
2014-04-28,大寮大發,132.0
2014-04-28,橋頭市場,148.0
2014-04-29,國民市場,180.0
2014-04-29,鹽埕示範,150.0
2014-04-29,新興第二,133.0
2014-04-29,三民第二,166.0
2014-04-29,左營第四,133.0
2014-04-29,鼓山第三,166.0
2014-04-29,楠梓市場,167.0
2014-04-29,三民第一,150.0
2014-04-29,苓雅市場,150.0
2014-04-29,中華市場,150.0
2014-04-29,旗山第一,133.0
2014-04-29,鳳山第一,0.0
2014-04-29,岡山文賢,158.0
2014-04-29,大寮大發,132.0
2014-04-29,橋頭市場,148.0
2014-04-30,國民市場,180.0
2014-04-30,鹽埕示範,150.0
2014-04-30,新興第二,133.0
2014-04-30,三民第二,166.0
2014-04-30,左營第四,133.0
2014-04-30,鼓山第三,166.0
2014-04-30,楠梓市場,167.0
2014-04-30,三民第一,150.0
2014-04-30,苓雅市場,150.0
2014-04-30,中華市場,150.0
2014-04-30,旗山第一,133.0
2014-04-30,鳳山第一,0.0
2014-04-30,岡山文賢,158.0
2014-04-30,大寮大發,132.0
2014-04-30,橋頭市場,148.0
2014-05-01,國民市場,166.0
2014-05-01,鹽埕示範,150.0
2014-05-01,新興第二,133.0
2014-05-01,三民第二,166.0
2014-05-01,左營第四,133.0
2014-05-01,鼓山第三,166.0
2014-05-01,楠梓市場,167.0
2014-05-01,三民第一,150.0
2014-05-01,苓雅市場,150.0
2014-05-01,中華市場,150.0
2014-05-01,旗山第一,133.0
2014-05-01,鳳山第一,0.0
2014-05-01,岡山文賢,
2014-05-01,大寮大發,140.0
2014-05-01,橋頭市場,148.0
2014-05-02,國民市場,166.0
2014-05-02,鹽埕示範,150.0
2014-05-02,新興第二,133.0
2014-05-02,三民第二,166.0
2014-05-02,左營第四,133.0
2014-05-02,鼓山第三,166.0
2014-05-02,楠梓市場,150.0
2014-05-02,三民第一,150.0
2014-05-02,苓雅市場,150.0
2014-05-02,中華市場,150.0
2014-05-02,旗山第一,133.0
2014-05-02,鳳山第一,0.0
2014-05-02,岡山文賢,
2014-05-02,大寮大發,140.0
2014-05-02,橋頭市場,
2014-05-03,國民市場,
2014-05-03,鹽埕示範,
2014-05-03,新興第二,
2014-05-03,三民第二,
2014-05-03,左營第四,
2014-05-03,鼓山第三,
2014-05-03,楠梓市場,
2014-05-03,三民第一,
2014-05-03,苓雅市場,
2014-05-03,中華市場,
2014-05-03,旗山第一,
2014-05-03,鳳山第一,
2014-05-03,岡山文賢,
2014-05-03,大寮大發,
2014-05-03,橋頭市場,
2014-05-04,國民市場,
2014-05-04,鹽埕示範,
2014-05-04,新興第二,
2014-05-04,三民第二,
2014-05-04,左營第四,
2014-05-04,鼓山第三,
2014-05-04,楠梓市場,
2014-05-04,三民第一,
2014-05-04,苓雅市場,
2014-05-04,中華市場,
2014-05-04,旗山第一,
2014-05-04,鳳山第一,
2014-05-04,岡山文賢,
2014-05-04,大寮大發,
2014-05-04,橋頭市場,
2014-05-05,國民市場,166.0
2014-05-05,鹽埕示範,150.0
2014-05-05,新興第二,150.0
2014-05-05,三民第二,166.0
2014-05-05,左營第四,133.0
2014-05-05,鼓山第三,166.0
2014-05-05,楠梓市場,150.0
2014-05-05,三民第一,150.0
2014-05-05,苓雅市場,150.0
2014-05-05,中華市場,150.0
2014-05-05,旗山第一,133.0
2014-05-05,鳳山第一,0.0
2014-05-05,岡山文賢,158.0
2014-05-05,大寮大發,144.0
2014-05-05,橋頭市場,158.0
2014-05-06,國民市場,166.0
2014-05-06,鹽埕示範,150.0
2014-05-06,新興第二,150.0
2014-05-06,三民第二,166.0
2014-05-06,左營第四,133.0
2014-05-06,鼓山第三,166.0
2014-05-06,楠梓市場,150.0
2014-05-06,三民第一,150.0
2014-05-06,苓雅市場,150.0
2014-05-06,中華市場,150.0
2014-05-06,旗山第一,133.0
2014-05-06,鳳山第一,0.0
2014-05-06,岡山文賢,158.0
2014-05-06,大寮大發,144.0
2014-05-06,橋頭市場,158.0
2014-05-07,國民市場,166.0
2014-05-07,鹽埕示範,150.0
2014-05-07,新興第二,150.0
2014-05-07,三民第二,166.0
2014-05-07,左營第四,133.0
2014-05-07,鼓山第三,166.0
2014-05-07,楠梓市場,150.0
2014-05-07,三民第一,150.0
2014-05-07,苓雅市場,150.0
2014-05-07,中華市場,133.0
2014-05-07,旗山第一,133.0
2014-05-07,鳳山第一,0.0
2014-05-07,岡山文賢,158.0
2014-05-07,大寮大發,144.0
2014-05-07,橋頭市場,158.0
2014-05-08,國民市場,166.0
2014-05-08,鹽埕示範,150.0
2014-05-08,新興第二,150.0
2014-05-08,三民第二,166.0
2014-05-08,左營第四,133.0
2014-05-08,鼓山第三,166.0
2014-05-08,楠梓市場,150.0
2014-05-08,三民第一,150.0
2014-05-08,苓雅市場,150.0
2014-05-08,中華市場,133.0
2014-05-08,旗山第一,133.0
2014-05-08,鳳山第一,0.0
2014-05-08,岡山文賢,158.0
2014-05-08,大寮大發,144.0
2014-05-08,橋頭市場,158.0
2014-05-09,國民市場,166.0
2014-05-09,鹽埕示範,150.0
2014-05-09,新興第二,150.0
2014-05-09,三民第二,166.0
2014-05-09,左營第四,133.0
2014-05-09,鼓山第三,166.0
2014-05-09,楠梓市場,150.0
2014-05-09,三民第一,150.0
2014-05-09,苓雅市場,150.0
2014-05-09,中華市場,133.0
2014-05-09,旗山第一,133.0
2014-05-09,鳳山第一,0.0
2014-05-09,岡山文賢,158.0
2014-05-09,大寮大發,150.0
2014-05-09,橋頭市場,158.0
2014-05-10,國民市場,
2014-05-10,鹽埕示範,
2014-05-10,新興第二,
2014-05-10,三民第二,
2014-05-10,左營第四,
2014-05-10,鼓山第三,
2014-05-10,楠梓市場,
2014-05-10,三民第一,
2014-05-10,苓雅市場,
2014-05-10,中華市場,
2014-05-10,旗山第一,
2014-05-10,鳳山第一,
2014-05-10,岡山文賢,
2014-05-10,大寮大發,
2014-05-10,橋頭市場,
2014-05-11,國民市場,
2014-05-11,鹽埕示範,
2014-05-11,新興第二,
2014-05-11,三民第二,
2014-05-11,左營第四,
2014-05-11,鼓山第三,
2014-05-11,楠梓市場,
2014-05-11,三民第一,
2014-05-11,苓雅市場,
2014-05-11,中華市場,
2014-05-11,旗山第一,
2014-05-11,鳳山第一,
2014-05-11,岡山文賢,
2014-05-11,大寮大發,
2014-05-11,橋頭市場,
2014-05-12,國民市場,166.0
2014-05-12,鹽埕示範,150.0
2014-05-12,新興第二,150.0
2014-05-12,三民第二,166.0
2014-05-12,左營第四,133.0
2014-05-12,鼓山第三,166.0
2014-05-12,楠梓市場,150.0
2014-05-12,三民第一,150.0
2014-05-12,苓雅市場,150.0
2014-05-12,中華市場,133.0
2014-05-12,旗山第一,133.0
2014-05-12,鳳山第一,0.0
2014-05-12,岡山文賢,158.0
2014-05-12,大寮大發,150.0
2014-05-12,橋頭市場,158.0
2014-05-13,國民市場,166.0
2014-05-13,鹽埕示範,150.0
2014-05-13,新興第二,150.0
2014-05-13,三民第二,166.0
2014-05-13,左營第四,133.0
2014-05-13,鼓山第三,166.0
2014-05-13,楠梓市場,150.0
2014-05-13,三民第一,150.0
2014-05-13,苓雅市場,133.0
2014-05-13,中華市場,133.0
2014-05-13,旗山第一,133.0
2014-05-13,鳳山第一,0.0
2014-05-13,岡山文賢,158.0
2014-05-13,大寮大發,150.0
2014-05-13,橋頭市場,158.0
2014-05-14,國民市場,166.0
2014-05-14,鹽埕示範,150.0
2014-05-14,新興第二,150.0
2014-05-14,三民第二,166.0
2014-05-14,左營第四,133.0
2014-05-14,鼓山第三,166.0
2014-05-14,楠梓市場,150.0
2014-05-14,三民第一,150.0
2014-05-14,苓雅市場,133.0
2014-05-14,中華市場,133.0
2014-05-14,旗山第一,133.0
2014-05-14,鳳山第一,0.0
2014-05-14,岡山文賢,158.0
2014-05-14,大寮大發,150.0
2014-05-14,橋頭市場,158.0
2014-05-15,國民市場,
2014-05-15,鹽埕示範,
2014-05-15,新興第二,
2014-05-15,三民第二,
2014-05-15,左營第四,
2014-05-15,鼓山第三,
2014-05-15,楠梓市場,
2014-05-15,三民第一,
2014-05-15,苓雅市場,
2014-05-15,中華市場,
2014-05-15,旗山第一,133.0
2014-05-15,鳳山第一,
2014-05-15,岡山文賢,158.0
2014-05-15,大寮大發,
2014-05-15,橋頭市場,
2014-05-16,國民市場,166.0
2014-05-16,鹽埕示範,150.0
2014-05-16,新興第二,150.0
2014-05-16,三民第二,166.0
2014-05-16,左營第四,133.0
2014-05-16,鼓山第三,166.0
2014-05-16,楠梓市場,150.0
2014-05-16,三民第一,150.0
2014-05-16,苓雅市場,133.0
2014-05-16,中華市場,133.0
2014-05-16,旗山第一,133.0
2014-05-16,鳳山第一,0.0
2014-05-16,岡山文賢,158.0
2014-05-16,大寮大發,150.0
2014-05-16,橋頭市場,158.0
2014-05-17,國民市場,
2014-05-17,鹽埕示範,
2014-05-17,新興第二,
2014-05-17,三民第二,
2014-05-17,左營第四,
2014-05-17,鼓山第三,
2014-05-17,楠梓市場,
2014-05-17,三民第一,
2014-05-17,苓雅市場,
2014-05-17,中華市場,
2014-05-17,旗山第一,
2014-05-17,鳳山第一,
2014-05-17,岡山文賢,
2014-05-17,大寮大發,
2014-05-17,橋頭市場,
2014-05-18,國民市場,
2014-05-18,鹽埕示範,
2014-05-18,新興第二,
2014-05-18,三民第二,
2014-05-18,左營第四,
2014-05-18,鼓山第三,
2014-05-18,楠梓市場,
2014-05-18,三民第一,
2014-05-18,苓雅市場,
2014-05-18,中華市場,
2014-05-18,旗山第一,
2014-05-18,鳳山第一,
2014-05-18,岡山文賢,
2014-05-18,大寮大發,
2014-05-18,橋頭市場,
2014-05-19,國民市場,
2014-05-19,鹽埕示範,150.0
2014-05-19,新興第二,150.0
2014-05-19,三民第二,166.0
2014-05-19,左營第四,133.0
2014-05-19,鼓山第三,166.0
2014-05-19,楠梓市場,150.0
2014-05-19,三民第一,150.0
2014-05-19,苓雅市場,150.0
2014-05-19,中華市場,133.0
2014-05-19,旗山第一,133.0
2014-05-19,鳳山第一,0.0
2014-05-19,岡山文賢,158.0
2014-05-19,大寮大發,142.0
2014-05-19,橋頭市場,158.0
2014-05-20,國民市場,166.0
2014-05-20,鹽埕示範,150.0
2014-05-20,新興第二,150.0
2014-05-20,三民第二,166.0
2014-05-20,左營第四,133.0
2014-05-20,鼓山第三,166.0
2014-05-20,楠梓市場,150.0
2014-05-20,三民第一,150.0
2014-05-20,苓雅市場,150.0
2014-05-20,中華市場,133.0
2014-05-20,旗山第一,133.0
2014-05-20,鳳山第一,0.0
2014-05-20,岡山文賢,158.0
2014-05-20,大寮大發,142.0
2014-05-20,橋頭市場,158.0
2014-05-21,國民市場,166.0
2014-05-21,鹽埕示範,150.0
2014-05-21,新興第二,150.0
2014-05-21,三民第二,166.0
2014-05-21,左營第四,133.0
2014-05-21,鼓山第三,166.0
2014-05-21,楠梓市場,150.0
2014-05-21,三民第一,150.0
2014-05-21,苓雅市場,150.0
2014-05-21,中華市場,133.0
2014-05-21,旗山第一,133.0
2014-05-21,鳳山第一,0.0
2014-05-21,岡山文賢,158.0
2014-05-21,大寮大發,142.0
2014-05-21,橋頭市場,158.0
2014-05-22,國民市場,150.0
2014-05-22,鹽埕示範,150.0
2014-05-22,新興第二,150.0
2014-05-22,三民第二,166.0
2014-05-22,左營第四,133.0
2014-05-22,鼓山第三,166.0
2014-05-22,楠梓市場,150.0
2014-05-22,三民第一,150.0
2014-05-22,苓雅市場,150.0
2014-05-22,中華市場,133.0
2014-05-22,旗山第一,133.0
2014-05-22,鳳山第一,0.0
2014-05-22,岡山文賢,158.0
2014-05-22,大寮大發,142.0
2014-05-22,橋頭市場,158.0
2014-05-23,國民市場,150.0
2014-05-23,鹽埕示範,150.0
2014-05-23,新興第二,150.0
2014-05-23,三民第二,166.0
2014-05-23,左營第四,133.0
2014-05-23,鼓山第三,166.0
2014-05-23,楠梓市場,150.0
2014-05-23,三民第一,150.0
2014-05-23,苓雅市場,150.0
2014-05-23,中華市場,133.0
2014-05-23,旗山第一,133.0
2014-05-23,鳳山第一,0.0
2014-05-23,岡山文賢,158.0
2014-05-23,大寮大發,142.0
2014-05-23,橋頭市場,158.0
2014-05-24,國民市場,
2014-05-24,鹽埕示範,
2014-05-24,新興第二,
2014-05-24,三民第二,
2014-05-24,左營第四,
2014-05-24,鼓山第三,
2014-05-24,楠梓市場,
2014-05-24,三民第一,
2014-05-24,苓雅市場,
2014-05-24,中華市場,
2014-05-24,旗山第一,
2014-05-24,鳳山第一,
2014-05-24,岡山文賢,
2014-05-24,大寮大發,
2014-05-24,橋頭市場,
2014-05-25,國民市場,
2014-05-25,鹽埕示範,
2014-05-25,新興第二,
2014-05-25,三民第二,
2014-05-25,左營第四,
2014-05-25,鼓山第三,
2014-05-25,楠梓市場,
2014-05-25,三民第一,
2014-05-25,苓雅市場,
2014-05-25,中華市場,
2014-05-25,旗山第一,
2014-05-25,鳳山第一,
2014-05-25,岡山文賢,
2014-05-25,大寮大發,
2014-05-25,橋頭市場,
2014-05-26,國民市場,150.0
2014-05-26,鹽埕示範,150.0
2014-05-26,新興第二,150.0
2014-05-26,三民第二,166.0
2014-05-26,左營第四,117.0
2014-05-26,鼓山第三,150.0
2014-05-26,楠梓市場,150.0
2014-05-26,三民第一,150.0
2014-05-26,苓雅市場,150.0
2014-05-26,中華市場,133.0
2014-05-26,旗山第一,133.0
2014-05-26,鳳山第一,0.0
2014-05-26,岡山文賢,158.0
2014-05-26,大寮大發,138.0
2014-05-26,橋頭市場,158.0
2014-05-27,國民市場,150.0
2014-05-27,鹽埕示範,150.0
2014-05-27,新興第二,150.0
2014-05-27,三民第二,166.0
2014-05-27,左營第四,117.0
2014-05-27,鼓山第三,150.0
2014-05-27,楠梓市場,150.0
2014-05-27,三民第一,150.0
2014-05-27,苓雅市場,166.0
2014-05-27,中華市場,133.0
2014-05-27,旗山第一,133.0
2014-05-27,鳳山第一,0.0
2014-05-27,岡山文賢,158.0
2014-05-27,大寮大發,138.0
2014-05-27,橋頭市場,158.0
2014-05-28,國民市場,150.0
2014-05-28,鹽埕示範,150.0
2014-05-28,新興第二,150.0
2014-05-28,三民第二,166.0
2014-05-28,左營第四,117.0
2014-05-28,鼓山第三,150.0
2014-05-28,楠梓市場,150.0
2014-05-28,三民第一,150.0
2014-05-28,苓雅市場,166.0
2014-05-28,中華市場,133.0
2014-05-28,旗山第一,133.0
2014-05-28,鳳山第一,0.0
2014-05-28,岡山文賢,158.0
2014-05-28,大寮大發,138.0
2014-05-28,橋頭市場,158.0
2014-05-29,國民市場,166.0
2014-05-29,鹽埕示範,150.0
2014-05-29,新興第二,150.0
2014-05-29,三民第二,166.0
2014-05-29,左營第四,117.0
2014-05-29,鼓山第三,150.0
2014-05-29,楠梓市場,150.0
2014-05-29,三民第一,150.0
2014-05-29,苓雅市場,166.0
2014-05-29,中華市場,133.0
2014-05-29,旗山第一,133.0
2014-05-29,鳳山第一,0.0
2014-05-29,岡山文賢,158.0
2014-05-29,大寮大發,146.0
2014-05-29,橋頭市場,158.0
2014-05-30,國民市場,166.0
2014-05-30,鹽埕示範,150.0
2014-05-30,新興第二,150.0
2014-05-30,三民第二,
2014-05-30,左營第四,117.0
2014-05-30,鼓山第三,150.0
2014-05-30,楠梓市場,150.0
2014-05-30,三民第一,150.0
2014-05-30,苓雅市場,165.0
2014-05-30,中華市場,133.0
2014-05-30,旗山第一,133.0
2014-05-30,鳳山第一,0.0
2014-05-30,岡山文賢,158.0
2014-05-30,大寮大發,146.0
2014-05-30,橋頭市場,158.0
2014-05-31,國民市場,
2014-05-31,鹽埕示範,
2014-05-31,新興第二,
2014-05-31,三民第二,
2014-05-31,左營第四,
2014-05-31,鼓山第三,
2014-05-31,楠梓市場,
2014-05-31,三民第一,
2014-05-31,苓雅市場,
2014-05-31,中華市場,
2014-05-31,旗山第一,
2014-05-31,鳳山第一,
2014-05-31,岡山文賢,
2014-05-31,大寮大發,
2014-05-31,橋頭市場,
2014-06-01,國民市場,
2014-06-01,鹽埕示範,
2014-06-01,新興第二,
2014-06-01,三民第二,
2014-06-01,左營第四,
2014-06-01,鼓山第三,
2014-06-01,楠梓市場,
2014-06-01,三民第一,
2014-06-01,苓雅市場,
2014-06-01,中華市場,
2014-06-01,旗山第一,
2014-06-01,鳳山第一,
2014-06-01,岡山文賢,
2014-06-01,大寮大發,
2014-06-01,橋頭市場,
2014-06-02,國民市場,
2014-06-02,鹽埕示範,
2014-06-02,新興第二,
2014-06-02,三民第二,
2014-06-02,左營第四,
2014-06-02,鼓山第三,150.0
2014-06-02,楠梓市場,
2014-06-02,三民第一,
2014-06-02,苓雅市場,
2014-06-02,中華市場,
2014-06-02,旗山第一,
2014-06-02,鳳山第一,
2014-06-02,岡山文賢,
2014-06-02,大寮大發,
2014-06-02,橋頭市場,
2014-06-03,國民市場,133.0
2014-06-03,鹽埕示範,150.0
2014-06-03,新興第二,150.0
2014-06-03,三民第二,166.0
2014-06-03,左營第四,117.0
2014-06-03,鼓山第三,150.0
2014-06-03,楠梓市場,150.0
2014-06-03,三民第一,150.0
2014-06-03,苓雅市場,150.0
2014-06-03,中華市場,133.0
2014-06-03,旗山第一,133.0
2014-06-03,鳳山第一,0.0
2014-06-03,岡山文賢,142.0
2014-06-03,大寮大發,146.0
2014-06-03,橋頭市場,142.0
2014-06-04,國民市場,133.0
2014-06-04,鹽埕示範,150.0
2014-06-04,新興第二,150.0
2014-06-04,三民第二,166.0
2014-06-04,左營第四,117.0
2014-06-04,鼓山第三,150.0
2014-06-04,楠梓市場,150.0
2014-06-04,三民第一,150.0
2014-06-04,苓雅市場,150.0
2014-06-04,中華市場,133.0
2014-06-04,旗山第一,133.0
2014-06-04,鳳山第一,0.0
2014-06-04,岡山文賢,142.0
2014-06-04,大寮大發,146.0
2014-06-04,橋頭市場,142.0
2014-06-05,國民市場,133.0
2014-06-05,鹽埕示範,150.0
2014-06-05,新興第二,150.0
2014-06-05,三民第二,166.0
2014-06-05,左營第四,117.0
2014-06-05,鼓山第三,150.0
2014-06-05,楠梓市場,150.0
2014-06-05,三民第一,150.0
2014-06-05,苓雅市場,133.0
2014-06-05,中華市場,133.0
2014-06-05,旗山第一,133.0
2014-06-05,鳳山第一,0.0
2014-06-05,岡山文賢,142.0
2014-06-05,大寮大發,146.0
2014-06-05,橋頭市場,142.0
2014-06-06,國民市場,133.0
2014-06-06,鹽埕示範,150.0
2014-06-06,新興第二,150.0
2014-06-06,三民第二,166.0
2014-06-06,左營第四,117.0
2014-06-06,鼓山第三,150.0
2014-06-06,楠梓市場,150.0
2014-06-06,三民第一,150.0
2014-06-06,苓雅市場,133.0
2014-06-06,中華市場,133.0
2014-06-06,旗山第一,133.0
2014-06-06,鳳山第一,0.0
2014-06-06,岡山文賢,142.0
2014-06-06,大寮大發,142.0
2014-06-06,橋頭市場,142.0
2014-06-07,國民市場,
2014-06-07,鹽埕示範,
2014-06-07,新興第二,
2014-06-07,三民第二,
2014-06-07,左營第四,
2014-06-07,鼓山第三,
2014-06-07,楠梓市場,
2014-06-07,三民第一,
2014-06-07,苓雅市場,
2014-06-07,中華市場,
2014-06-07,旗山第一,
2014-06-07,鳳山第一,
2014-06-07,岡山文賢,
2014-06-07,大寮大發,
2014-06-07,橋頭市場,
2014-06-08,國民市場,
2014-06-08,鹽埕示範,
2014-06-08,新興第二,
2014-06-08,三民第二,
2014-06-08,左營第四,
2014-06-08,鼓山第三,
2014-06-08,楠梓市場,
2014-06-08,三民第一,
2014-06-08,苓雅市場,
2014-06-08,中華市場,
2014-06-08,旗山第一,
2014-06-08,鳳山第一,
2014-06-08,岡山文賢,
2014-06-08,大寮大發,
2014-06-08,橋頭市場,
2014-06-09,國民市場,133.0
2014-06-09,鹽埕示範,150.0
2014-06-09,新興第二,150.0
2014-06-09,三民第二,166.0
2014-06-09,左營第四,117.0
2014-06-09,鼓山第三,150.0
2014-06-09,楠梓市場,150.0
2014-06-09,三民第一,150.0
2014-06-09,苓雅市場,133.0
2014-06-09,中華市場,133.0
2014-06-09,旗山第一,133.0
2014-06-09,鳳山第一,0.0
2014-06-09,岡山文賢,148.0
2014-06-09,大寮大發,136.0
2014-06-09,橋頭市場,142.0
2014-06-10,國民市場,133.0
2014-06-10,鹽埕示範,150.0
2014-06-10,新興第二,150.0
2014-06-10,三民第二,166.0
2014-06-10,左營第四,117.0
2014-06-10,鼓山第三,150.0
2014-06-10,楠梓市場,150.0
2014-06-10,三民第一,150.0
2014-06-10,苓雅市場,150.0
2014-06-10,中華市場,133.0
2014-06-10,旗山第一,133.0
2014-06-10,鳳山第一,0.0
2014-06-10,岡山文賢,148.0
2014-06-10,大寮大發,136.0
2014-06-10,橋頭市場,142.0
2014-06-11,國民市場,117.0
2014-06-11,鹽埕示範,150.0
2014-06-11,新興第二,150.0
2014-06-11,三民第二,166.0
2014-06-11,左營第四,117.0
2014-06-11,鼓山第三,150.0
2014-06-11,楠梓市場,150.0
2014-06-11,三民第一,150.0
2014-06-11,苓雅市場,133.0
2014-06-11,中華市場,133.0
2014-06-11,旗山第一,133.0
2014-06-11,鳳山第一,0.0
2014-06-11,岡山文賢,148.0
2014-06-11,大寮大發,136.0
2014-06-11,橋頭市場,142.0
2014-06-12,國民市場,117.0
2014-06-12,鹽埕示範,150.0
2014-06-12,新興第二,150.0
2014-06-12,三民第二,150.0
2014-06-12,左營第四,117.0
2014-06-12,鼓山第三,150.0
2014-06-12,楠梓市場,150.0
2014-06-12,三民第一,150.0
2014-06-12,苓雅市場,133.0
2014-06-12,中華市場,133.0
2014-06-12,旗山第一,133.0
2014-06-12,鳳山第一,0.0
2014-06-12,岡山文賢,148.0
2014-06-12,大寮大發,136.0
2014-06-12,橋頭市場,142.0
2014-06-13,國民市場,117.0
2014-06-13,鹽埕示範,150.0
2014-06-13,新興第二,150.0
2014-06-13,三民第二,150.0
2014-06-13,左營第四,117.0
2014-06-13,鼓山第三,150.0
2014-06-13,楠梓市場,150.0
2014-06-13,三民第一,150.0
2014-06-13,苓雅市場,133.0
2014-06-13,中華市場,133.0
2014-06-13,旗山第一,133.0
2014-06-13,鳳山第一,0.0
2014-06-13,岡山文賢,148.0
2014-06-13,大寮大發,136.0
2014-06-13,橋頭市場,142.0
2014-06-14,國民市場,
2014-06-14,鹽埕示範,
2014-06-14,新興第二,
2014-06-14,三民第二,
2014-06-14,左營第四,
2014-06-14,鼓山第三,
2014-06-14,楠梓市場,
2014-06-14,三民第一,
2014-06-14,苓雅市場,
2014-06-14,中華市場,
2014-06-14,旗山第一,
2014-06-14,鳳山第一,
2014-06-14,岡山文賢,
2014-06-14,大寮大發,
2014-06-14,橋頭市場,
2014-06-15,國民市場,
2014-06-15,鹽埕示範,
2014-06-15,新興第二,
2014-06-15,三民第二,
2014-06-15,左營第四,
2014-06-15,鼓山第三,
2014-06-15,楠梓市場,
2014-06-15,三民第一,
2014-06-15,苓雅市場,
2014-06-15,中華市場,
2014-06-15,旗山第一,
2014-06-15,鳳山第一,
2014-06-15,岡山文賢,
2014-06-15,大寮大發,
2014-06-15,橋頭市場,
2014-06-16,國民市場,117.0
2014-06-16,鹽埕示範,150.0
2014-06-16,新興第二,150.0
2014-06-16,三民第二,150.0
2014-06-16,左營第四,117.0
2014-06-16,鼓山第三,150.0
2014-06-16,楠梓市場,150.0
2014-06-16,三民第一,150.0
2014-06-16,苓雅市場,133.0
2014-06-16,中華市場,133.0
2014-06-16,旗山第一,133.0
2014-06-16,鳳山第一,0.0
2014-06-16,岡山文賢,115.0
2014-06-16,大寮大發,136.0
2014-06-16,橋頭市場,142.0
2014-06-17,國民市場,117.0
2014-06-17,鹽埕示範,150.0
2014-06-17,新興第二,150.0
2014-06-17,三民第二,150.0
2014-06-17,左營第四,117.0
2014-06-17,鼓山第三,150.0
2014-06-17,楠梓市場,150.0
2014-06-17,三民第一,150.0
2014-06-17,苓雅市場,133.0
2014-06-17,中華市場,133.0
2014-06-17,旗山第一,133.0
2014-06-17,鳳山第一,0.0
2014-06-17,岡山文賢,115.0
2014-06-17,大寮大發,136.0
2014-06-17,橋頭市場,142.0
2014-06-18,國民市場,108.0
2014-06-18,鹽埕示範,150.0
2014-06-18,新興第二,150.0
2014-06-18,三民第二,150.0
2014-06-18,左營第四,117.0
2014-06-18,鼓山第三,150.0
2014-06-18,楠梓市場,150.0
2014-06-18,三民第一,150.0
2014-06-18,苓雅市場,133.0
2014-06-18,中華市場,133.0
2014-06-18,旗山第一,133.0
2014-06-18,鳳山第一,0.0
2014-06-18,岡山文賢,115.0
2014-06-18,大寮大發,132.0
2014-06-18,橋頭市場,142.0
2014-06-19,國民市場,108.0
2014-06-19,鹽埕示範,150.0
2014-06-19,新興第二,150.0
2014-06-19,三民第二,133.0
2014-06-19,左營第四,117.0
2014-06-19,鼓山第三,150.0
2014-06-19,楠梓市場,150.0
2014-06-19,三民第一,150.0
2014-06-19,苓雅市場,133.0
2014-06-19,中華市場,133.0
2014-06-19,旗山第一,133.0
2014-06-19,鳳山第一,0.0
2014-06-19,岡山文賢,115.0
2014-06-19,大寮大發,132.0
2014-06-19,橋頭市場,142.0
2014-06-20,國民市場,108.0
2014-06-20,鹽埕示範,150.0
2014-06-20,新興第二,150.0
2014-06-20,三民第二,133.0
2014-06-20,左營第四,117.0
2014-06-20,鼓山第三,150.0
2014-06-20,楠梓市場,150.0
2014-06-20,三民第一,150.0
2014-06-20,苓雅市場,133.0
2014-06-20,中華市場,133.0
2014-06-20,旗山第一,133.0
2014-06-20,鳳山第一,0.0
2014-06-20,岡山文賢,115.0
2014-06-20,大寮大發,132.0
2014-06-20,橋頭市場,142.0
2014-06-21,國民市場,
2014-06-21,鹽埕示範,
2014-06-21,新興第二,
2014-06-21,三民第二,
2014-06-21,左營第四,
2014-06-21,鼓山第三,
2014-06-21,楠梓市場,
2014-06-21,三民第一,
2014-06-21,苓雅市場,
2014-06-21,中華市場,
2014-06-21,旗山第一,
2014-06-21,鳳山第一,
2014-06-21,岡山文賢,
2014-06-21,大寮大發,
2014-06-21,橋頭市場,
2014-06-22,國民市場,
2014-06-22,鹽埕示範,
2014-06-22,新興第二,
2014-06-22,三民第二,
2014-06-22,左營第四,
2014-06-22,鼓山第三,
2014-06-22,楠梓市場,
2014-06-22,三民第一,
2014-06-22,苓雅市場,
2014-06-22,中華市場,
2014-06-22,旗山第一,
2014-06-22,鳳山第一,
2014-06-22,岡山文賢,
2014-06-22,大寮大發,
2014-06-22,橋頭市場,
2014-06-23,國民市場,108.0
2014-06-23,鹽埕示範,150.0
2014-06-23,新興第二,150.0
2014-06-23,三民第二,133.0
2014-06-23,左營第四,117.0
2014-06-23,鼓山第三,150.0
2014-06-23,楠梓市場,150.0
2014-06-23,三民第一,150.0
2014-06-23,苓雅市場,115.0
2014-06-23,中華市場,133.0
2014-06-23,旗山第一,133.0
2014-06-23,鳳山第一,0.0
2014-06-23,岡山文賢,
2014-06-23,大寮大發,132.0
2014-06-23,橋頭市場,142.0
2014-06-24,國民市場,117.0
2014-06-24,鹽埕示範,150.0
2014-06-24,新興第二,150.0
2014-06-24,三民第二,133.0
2014-06-24,左營第四,117.0
2014-06-24,鼓山第三,150.0
2014-06-24,楠梓市場,150.0
2014-06-24,三民第一,150.0
2014-06-24,苓雅市場,115.0
2014-06-24,中華市場,133.0
2014-06-24,旗山第一,117.0
2014-06-24,鳳山第一,0.0
2014-06-24,岡山文賢,115.0
2014-06-24,大寮大發,132.0
2014-06-24,橋頭市場,142.0
2014-06-25,國民市場,117.0
2014-06-25,鹽埕示範,150.0
2014-06-25,新興第二,150.0
2014-06-25,三民第二,133.0
2014-06-25,左營第四,117.0
2014-06-25,鼓山第三,150.0
2014-06-25,楠梓市場,150.0
2014-06-25,三民第一,150.0
2014-06-25,苓雅市場,133.0
2014-06-25,中華市場,133.0
2014-06-25,旗山第一,117.0
2014-06-25,鳳山第一,0.0
2014-06-25,岡山文賢,115.0
2014-06-25,大寮大發,132.0
2014-06-25,橋頭市場,142.0
2014-06-26,國民市場,117.0
2014-06-26,鹽埕示範,150.0
2014-06-26,新興第二,150.0
2014-06-26,三民第二,133.0
2014-06-26,左營第四,117.0
2014-06-26,鼓山第三,150.0
2014-06-26,楠梓市場,150.0
2014-06-26,三民第一,150.0
2014-06-26,苓雅市場,133.0
2014-06-26,中華市場,133.0
2014-06-26,旗山第一,117.0
2014-06-26,鳳山第一,0.0
2014-06-26,岡山文賢,115.0
2014-06-26,大寮大發,132.0
2014-06-26,橋頭市場,142.0
2014-06-27,國民市場,117.0
2014-06-27,鹽埕示範,150.0
2014-06-27,新興第二,150.0
2014-06-27,三民第二,133.0
2014-06-27,左營第四,117.0
2014-06-27,鼓山第三,150.0
2014-06-27,楠梓市場,150.0
2014-06-27,三民第一,150.0
2014-06-27,苓雅市場,133.0
2014-06-27,中華市場,133.0
2014-06-27,旗山第一,117.0
2014-06-27,鳳山第一,0.0
2014-06-27,岡山文賢,115.0
2014-06-27,大寮大發,132.0
2014-06-27,橋頭市場,142.0
2014-06-28,國民市場,
2014-06-28,鹽埕示範,
2014-06-28,新興第二,
2014-06-28,三民第二,
2014-06-28,左營第四,
2014-06-28,鼓山第三,
2014-06-28,楠梓市場,
2014-06-28,三民第一,
2014-06-28,苓雅市場,
2014-06-28,中華市場,
2014-06-28,旗山第一,
2014-06-28,鳳山第一,
2014-06-28,岡山文賢,
2014-06-28,大寮大發,
2014-06-28,橋頭市場,
2014-06-29,國民市場,
2014-06-29,鹽埕示範,
2014-06-29,新興第二,
2014-06-29,三民第二,
2014-06-29,左營第四,
2014-06-29,鼓山第三,
2014-06-29,楠梓市場,
2014-06-29,三民第一,
2014-06-29,苓雅市場,
2014-06-29,中華市場,
2014-06-29,旗山第一,
2014-06-29,鳳山第一,
2014-06-29,岡山文賢,
2014-06-29,大寮大發,
2014-06-29,橋頭市場,
2014-06-30,國民市場,117.0
2014-06-30,鹽埕示範,150.0
2014-06-30,新興第二,150.0
2014-06-30,三民第二,133.0
2014-06-30,左營第四,117.0
2014-06-30,鼓山第三,150.0
2014-06-30,楠梓市場,150.0
2014-06-30,三民第一,150.0
2014-06-30,苓雅市場,133.0
2014-06-30,中華市場,133.0
2014-06-30,旗山第一,117.0
2014-06-30,鳳山第一,0.0
2014-06-30,岡山文賢,98.0
2014-06-30,大寮大發,132.0
2014-06-30,橋頭市場,
2014-07-01,國民市場,117.0
2014-07-01,鹽埕示範,150.0
2014-07-01,新興第二,150.0
2014-07-01,三民第二,133.0
2014-07-01,左營第四,117.0
2014-07-01,鼓山第三,150.0
2014-07-01,楠梓市場,150.0
2014-07-01,三民第一,150.0
2014-07-01,苓雅市場,150.0
2014-07-01,中華市場,133.0
2014-07-01,旗山第一,117.0
2014-07-01,鳳山第一,0.0
2014-07-01,岡山文賢,0.0
2014-07-01,大寮大發,132.0
2014-07-01,橋頭市場,0.0
2014-07-02,國民市場,117.0
2014-07-02,鹽埕示範,150.0
2014-07-02,新興第二,150.0
2014-07-02,三民第二,133.0
2014-07-02,左營第四,117.0
2014-07-02,鼓山第三,150.0
2014-07-02,楠梓市場,150.0
2014-07-02,三民第一,150.0
2014-07-02,苓雅市場,150.0
2014-07-02,中華市場,133.0
2014-07-02,旗山第一,117.0
2014-07-02,鳳山第一,0.0
2014-07-02,岡山文賢,0.0
2014-07-02,大寮大發,132.0
2014-07-02,橋頭市場,0.0
2014-07-03,國民市場,117.0
2014-07-03,鹽埕示範,150.0
2014-07-03,新興第二,150.0
2014-07-03,三民第二,133.0
2014-07-03,左營第四,117.0
2014-07-03,鼓山第三,150.0
2014-07-03,楠梓市場,150.0
2014-07-03,三民第一,150.0
2014-07-03,苓雅市場,133.0
2014-07-03,中華市場,133.0
2014-07-03,旗山第一,117.0
2014-07-03,鳳山第一,0.0
2014-07-03,岡山文賢,0.0
2014-07-03,大寮大發,132.0
2014-07-03,橋頭市場,0.0
2014-07-04,國民市場,117.0
2014-07-04,鹽埕示範,150.0
2014-07-04,新興第二,150.0
2014-07-04,三民第二,133.0
2014-07-04,左營第四,117.0
2014-07-04,鼓山第三,150.0
2014-07-04,楠梓市場,150.0
2014-07-04,三民第一,150.0
2014-07-04,苓雅市場,133.0
2014-07-04,中華市場,133.0
2014-07-04,旗山第一,117.0
2014-07-04,鳳山第一,0.0
2014-07-04,岡山文賢,0.0
2014-07-04,大寮大發,132.0
2014-07-04,橋頭市場,0.0
2014-07-05,國民市場,
2014-07-05,鹽埕示範,
2014-07-05,新興第二,
2014-07-05,三民第二,
2014-07-05,左營第四,
2014-07-05,鼓山第三,
2014-07-05,楠梓市場,
2014-07-05,三民第一,
2014-07-05,苓雅市場,
2014-07-05,中華市場,
2014-07-05,旗山第一,
2014-07-05,鳳山第一,
2014-07-05,岡山文賢,
2014-07-05,大寮大發,
2014-07-05,橋頭市場,
2014-07-06,國民市場,
2014-07-06,鹽埕示範,
2014-07-06,新興第二,
2014-07-06,三民第二,
2014-07-06,左營第四,
2014-07-06,鼓山第三,
2014-07-06,楠梓市場,
2014-07-06,三民第一,
2014-07-06,苓雅市場,
2014-07-06,中華市場,
2014-07-06,旗山第一,
2014-07-06,鳳山第一,
2014-07-06,岡山文賢,
2014-07-06,大寮大發,
2014-07-06,橋頭市場,
2014-07-07,國民市場,117.0
2014-07-07,鹽埕示範,150.0
2014-07-07,新興第二,150.0
2014-07-07,三民第二,
2014-07-07,左營第四,117.0
2014-07-07,鼓山第三,150.0
2014-07-07,楠梓市場,150.0
2014-07-07,三民第一,150.0
2014-07-07,苓雅市場,133.0
2014-07-07,中華市場,133.0
2014-07-07,旗山第一,117.0
2014-07-07,鳳山第一,0.0
2014-07-07,岡山文賢,132.0
2014-07-07,大寮大發,132.0
2014-07-07,橋頭市場,0.0
2014-07-08,國民市場,133.0
2014-07-08,鹽埕示範,150.0
2014-07-08,新興第二,150.0
2014-07-08,三民第二,
2014-07-08,左營第四,117.0
2014-07-08,鼓山第三,150.0
2014-07-08,楠梓市場,150.0
2014-07-08,三民第一,150.0
2014-07-08,苓雅市場,133.0
2014-07-08,中華市場,133.0
2014-07-08,旗山第一,117.0
2014-07-08,鳳山第一,0.0
2014-07-08,岡山文賢,132.0
2014-07-08,大寮大發,132.0
2014-07-08,橋頭市場,0.0
2014-07-09,國民市場,133.0
2014-07-09,鹽埕示範,150.0
2014-07-09,新興第二,150.0
2014-07-09,三民第二,
2014-07-09,左營第四,117.0
2014-07-09,鼓山第三,150.0
2014-07-09,楠梓市場,150.0
2014-07-09,三民第一,150.0
2014-07-09,苓雅市場,133.0
2014-07-09,中華市場,133.0
2014-07-09,旗山第一,117.0
2014-07-09,鳳山第一,0.0
2014-07-09,岡山文賢,132.0
2014-07-09,大寮大發,132.0
2014-07-09,橋頭市場,0.0
2014-07-10,國民市場,133.0
2014-07-10,鹽埕示範,150.0
2014-07-10,新興第二,150.0
2014-07-10,三民第二,
2014-07-10,左營第四,117.0
2014-07-10,鼓山第三,150.0
2014-07-10,楠梓市場,150.0
2014-07-10,三民第一,150.0
2014-07-10,苓雅市場,
2014-07-10,中華市場,133.0
2014-07-10,旗山第一,117.0
2014-07-10,鳳山第一,0.0
2014-07-10,岡山文賢,132.0
2014-07-10,大寮大發,126.0
2014-07-10,橋頭市場,0.0
2014-07-11,國民市場,133.0
2014-07-11,鹽埕示範,150.0
2014-07-11,新興第二,150.0
2014-07-11,三民第二,
2014-07-11,左營第四,117.0
2014-07-11,鼓山第三,150.0
2014-07-11,楠梓市場,150.0
2014-07-11,三民第一,150.0
2014-07-11,苓雅市場,
2014-07-11,中華市場,133.0
2014-07-11,旗山第一,117.0
2014-07-11,鳳山第一,0.0
2014-07-11,岡山文賢,132.0
2014-07-11,大寮大發,126.0
2014-07-11,橋頭市場,132.0
2014-07-12,國民市場,
2014-07-12,鹽埕示範,
2014-07-12,新興第二,
2014-07-12,三民第二,
2014-07-12,左營第四,
2014-07-12,鼓山第三,
2014-07-12,楠梓市場,
2014-07-12,三民第一,
2014-07-12,苓雅市場,
2014-07-12,中華市場,
2014-07-12,旗山第一,
2014-07-12,鳳山第一,
2014-07-12,岡山文賢,
2014-07-12,大寮大發,
2014-07-12,橋頭市場,
2014-07-13,國民市場,
2014-07-13,鹽埕示範,
2014-07-13,新興第二,
2014-07-13,三民第二,
2014-07-13,左營第四,
2014-07-13,鼓山第三,
2014-07-13,楠梓市場,
2014-07-13,三民第一,
2014-07-13,苓雅市場,
2014-07-13,中華市場,
2014-07-13,旗山第一,
2014-07-13,鳳山第一,
2014-07-13,岡山文賢,
2014-07-13,大寮大發,
2014-07-13,橋頭市場,
2014-07-14,國民市場,133.0
2014-07-14,鹽埕示範,150.0
2014-07-14,新興第二,150.0
2014-07-14,三民第二,166.0
2014-07-14,左營第四,117.0
2014-07-14,鼓山第三,150.0
2014-07-14,楠梓市場,150.0
2014-07-14,三民第一,150.0
2014-07-14,苓雅市場,132.0
2014-07-14,中華市場,133.0
2014-07-14,旗山第一,117.0
2014-07-14,鳳山第一,0.0
2014-07-14,岡山文賢,132.0
2014-07-14,大寮大發,132.0
2014-07-14,橋頭市場,132.0
2014-07-15,國民市場,
2014-07-15,鹽埕示範,150.0
2014-07-15,新興第二,150.0
2014-07-15,三民第二,166.0
2014-07-15,左營第四,117.0
2014-07-15,鼓山第三,150.0
2014-07-15,楠梓市場,150.0
2014-07-15,三民第一,150.0
2014-07-15,苓雅市場,132.0
2014-07-15,中華市場,133.0
2014-07-15,旗山第一,117.0
2014-07-15,鳳山第一,0.0
2014-07-15,岡山文賢,132.0
2014-07-15,大寮大發,132.0
2014-07-15,橋頭市場,132.0
2014-07-16,國民市場,133.0
2014-07-16,鹽埕示範,150.0
2014-07-16,新興第二,150.0
2014-07-16,三民第二,150.0
2014-07-16,左營第四,117.0
2014-07-16,鼓山第三,150.0
2014-07-16,楠梓市場,150.0
2014-07-16,三民第一,150.0
2014-07-16,苓雅市場,132.0
2014-07-16,中華市場,133.0
2014-07-16,旗山第一,117.0
2014-07-16,鳳山第一,0.0
2014-07-16,岡山文賢,132.0
2014-07-16,大寮大發,132.0
2014-07-16,橋頭市場,132.0
2014-07-17,國民市場,133.0
2014-07-17,鹽埕示範,150.0
2014-07-17,新興第二,150.0
2014-07-17,三民第二,150.0
2014-07-17,左營第四,117.0
2014-07-17,鼓山第三,150.0
2014-07-17,楠梓市場,150.0
2014-07-17,三民第一,150.0
2014-07-17,苓雅市場,150.0
2014-07-17,中華市場,133.0
2014-07-17,旗山第一,141.0
2014-07-17,鳳山第一,0.0
2014-07-17,岡山文賢,132.0
2014-07-17,大寮大發,132.0
2014-07-17,橋頭市場,132.0
2014-07-18,國民市場,133.0
2014-07-18,鹽埕示範,150.0
2014-07-18,新興第二,150.0
2014-07-18,三民第二,
2014-07-18,左營第四,117.0
2014-07-18,鼓山第三,150.0
2014-07-18,楠梓市場,150.0
2014-07-18,三民第一,150.0
2014-07-18,苓雅市場,150.0
2014-07-18,中華市場,133.0
2014-07-18,旗山第一,141.0
2014-07-18,鳳山第一,0.0
2014-07-18,岡山文賢,132.0
2014-07-18,大寮大發,128.0
2014-07-18,橋頭市場,132.0
2014-07-19,國民市場,
2014-07-19,鹽埕示範,
2014-07-19,新興第二,
2014-07-19,三民第二,
2014-07-19,左營第四,
2014-07-19,鼓山第三,
2014-07-19,楠梓市場,
2014-07-19,三民第一,
2014-07-19,苓雅市場,
2014-07-19,中華市場,
2014-07-19,旗山第一,
2014-07-19,鳳山第一,
2014-07-19,岡山文賢,
2014-07-19,大寮大發,
2014-07-19,橋頭市場,
2014-07-20,國民市場,
2014-07-20,鹽埕示範,
2014-07-20,新興第二,
2014-07-20,三民第二,
2014-07-20,左營第四,
2014-07-20,鼓山第三,
2014-07-20,楠梓市場,
2014-07-20,三民第一,
2014-07-20,苓雅市場,
2014-07-20,中華市場,
2014-07-20,旗山第一,
2014-07-20,鳳山第一,
2014-07-20,岡山文賢,
2014-07-20,大寮大發,
2014-07-20,橋頭市場,
2014-07-21,國民市場,
2014-07-21,鹽埕示範,150.0
2014-07-21,新興第二,150.0
2014-07-21,三民第二,133.0
2014-07-21,左營第四,117.0
2014-07-21,鼓山第三,150.0
2014-07-21,楠梓市場,150.0
2014-07-21,三民第一,150.0
2014-07-21,苓雅市場,133.0
2014-07-21,中華市場,133.0
2014-07-21,旗山第一,141.0
2014-07-21,鳳山第一,0.0
2014-07-21,岡山文賢,132.0
2014-07-21,大寮大發,128.0
2014-07-21,橋頭市場,132.0
2014-07-22,國民市場,125.0
2014-07-22,鹽埕示範,150.0
2014-07-22,新興第二,150.0
2014-07-22,三民第二,133.0
2014-07-22,左營第四,117.0
2014-07-22,鼓山第三,150.0
2014-07-22,楠梓市場,150.0
2014-07-22,三民第一,150.0
2014-07-22,苓雅市場,133.0
2014-07-22,中華市場,133.0
2014-07-22,旗山第一,141.0
2014-07-22,鳳山第一,0.0
2014-07-22,岡山文賢,132.0
2014-07-22,大寮大發,132.0
2014-07-22,橋頭市場,132.0
2014-07-23,國民市場,125.0
2014-07-23,鹽埕示範,
2014-07-23,新興第二,150.0
2014-07-23,三民第二,
2014-07-23,左營第四,117.0
2014-07-23,鼓山第三,
2014-07-23,楠梓市場,
2014-07-23,三民第一,150.0
2014-07-23,苓雅市場,
2014-07-23,中華市場,
2014-07-23,旗山第一,
2014-07-23,鳳山第一,
2014-07-23,岡山文賢,
2014-07-23,大寮大發,
2014-07-23,橋頭市場,
2014-07-24,國民市場,125.0
2014-07-24,鹽埕示範,150.0
2014-07-24,新興第二,150.0
2014-07-24,三民第二,150.0
2014-07-24,左營第四,117.0
2014-07-24,鼓山第三,150.0
2014-07-24,楠梓市場,150.0
2014-07-24,三民第一,150.0
2014-07-24,苓雅市場,150.0
2014-07-24,中華市場,133.0
2014-07-24,旗山第一,141.0
2014-07-24,鳳山第一,0.0
2014-07-24,岡山文賢,132.0
2014-07-24,大寮大發,128.0
2014-07-24,橋頭市場,150.0
2014-07-25,國民市場,125.0
2014-07-25,鹽埕示範,150.0
2014-07-25,新興第二,150.0
2014-07-25,三民第二,150.0
2014-07-25,左營第四,117.0
2014-07-25,鼓山第三,150.0
2014-07-25,楠梓市場,150.0
2014-07-25,三民第一,150.0
2014-07-25,苓雅市場,150.0
2014-07-25,中華市場,133.0
2014-07-25,旗山第一,141.0
2014-07-25,鳳山第一,0.0
2014-07-25,岡山文賢,132.0
2014-07-25,大寮大發,128.0
2014-07-25,橋頭市場,150.0
2014-07-26,國民市場,
2014-07-26,鹽埕示範,
2014-07-26,新興第二,
2014-07-26,三民第二,
2014-07-26,左營第四,0.0
2014-07-26,鼓山第三,
2014-07-26,楠梓市場,
2014-07-26,三民第一,
2014-07-26,苓雅市場,
2014-07-26,中華市場,
2014-07-26,旗山第一,
2014-07-26,鳳山第一,
2014-07-26,岡山文賢,
2014-07-26,大寮大發,
2014-07-26,橋頭市場,
2014-07-27,國民市場,
2014-07-27,鹽埕示範,
2014-07-27,新興第二,
2014-07-27,三民第二,
2014-07-27,左營第四,117.0
2014-07-27,鼓山第三,
2014-07-27,楠梓市場,
2014-07-27,三民第一,
2014-07-27,苓雅市場,
2014-07-27,中華市場,
2014-07-27,旗山第一,
2014-07-27,鳳山第一,
2014-07-27,岡山文賢,
2014-07-27,大寮大發,
2014-07-27,橋頭市場,
2014-07-28,國民市場,125.0
2014-07-28,鹽埕示範,150.0
2014-07-28,新興第二,150.0
2014-07-28,三民第二,150.0
2014-07-28,左營第四,117.0
2014-07-28,鼓山第三,150.0
2014-07-28,楠梓市場,150.0
2014-07-28,三民第一,150.0
2014-07-28,苓雅市場,133.0
2014-07-28,中華市場,133.0
2014-07-28,旗山第一,141.0
2014-07-28,鳳山第一,0.0
2014-07-28,岡山文賢,82.0
2014-07-28,大寮大發,128.0
2014-07-28,橋頭市場,150.0
2014-07-29,國民市場,133.0
2014-07-29,鹽埕示範,150.0
2014-07-29,新興第二,150.0
2014-07-29,三民第二,166.0
2014-07-29,左營第四,117.0
2014-07-29,鼓山第三,150.0
2014-07-29,楠梓市場,150.0
2014-07-29,三民第一,150.0
2014-07-29,苓雅市場,133.0
2014-07-29,中華市場,116.0
2014-07-29,旗山第一,141.0
2014-07-29,鳳山第一,0.0
2014-07-29,岡山文賢,82.0
2014-07-29,大寮大發,124.0
2014-07-29,橋頭市場,116.0
2014-07-30,國民市場,133.0
2014-07-30,鹽埕示範,150.0
2014-07-30,新興第二,150.0
2014-07-30,三民第二,166.0
2014-07-30,左營第四,117.0
2014-07-30,鼓山第三,150.0
2014-07-30,楠梓市場,150.0
2014-07-30,三民第一,150.0
2014-07-30,苓雅市場,133.0
2014-07-30,中華市場,116.0
2014-07-30,旗山第一,141.0
2014-07-30,鳳山第一,0.0
2014-07-30,岡山文賢,82.0
2014-07-30,大寮大發,124.0
2014-07-30,橋頭市場,116.0
2014-07-31,國民市場,133.0
2014-07-31,鹽埕示範,150.0
2014-07-31,新興第二,150.0
2014-07-31,三民第二,166.0
2014-07-31,左營第四,133.0
2014-07-31,鼓山第三,
2014-07-31,楠梓市場,150.0
2014-07-31,三民第一,150.0
2014-07-31,苓雅市場,150.0
2014-07-31,中華市場,
2014-07-31,旗山第一,141.0
2014-07-31,鳳山第一,0.0
2014-07-31,岡山文賢,82.0
2014-07-31,大寮大發,124.0
2014-07-31,橋頭市場,116.0
2014-08-01,國民市場,133.0
2014-08-01,鹽埕示範,150.0
2014-08-01,新興第二,150.0
2014-08-01,三民第二,150.0
2014-08-01,左營第四,133.0
2014-08-01,鼓山第三,150.0
2014-08-01,楠梓市場,150.0
2014-08-01,三民第一,150.0
2014-08-01,苓雅市場,
2014-08-01,中華市場,
2014-08-01,旗山第一,0.0
2014-08-01,鳳山第一,0.0
2014-08-01,岡山文賢,
2014-08-01,大寮大發,124.0
2014-08-01,橋頭市場,116.0
2014-08-02,國民市場,
2014-08-02,鹽埕示範,
2014-08-02,新興第二,
2014-08-02,三民第二,
2014-08-02,左營第四,
2014-08-02,鼓山第三,
2014-08-02,楠梓市場,
2014-08-02,三民第一,
2014-08-02,苓雅市場,
2014-08-02,中華市場,
2014-08-02,旗山第一,
2014-08-02,鳳山第一,
2014-08-02,岡山文賢,
2014-08-02,大寮大發,
2014-08-02,橋頭市場,
2014-08-03,國民市場,
2014-08-03,鹽埕示範,
2014-08-03,新興第二,
2014-08-03,三民第二,
2014-08-03,左營第四,
2014-08-03,鼓山第三,
2014-08-03,楠梓市場,
2014-08-03,三民第一,
2014-08-03,苓雅市場,
2014-08-03,中華市場,
2014-08-03,旗山第一,
2014-08-03,鳳山第一,
2014-08-03,岡山文賢,
2014-08-03,大寮大發,
2014-08-03,橋頭市場,
2014-08-04,國民市場,133.0
2014-08-04,鹽埕示範,
2014-08-04,新興第二,150.0
2014-08-04,三民第二,150.0
2014-08-04,左營第四,133.0
2014-08-04,鼓山第三,
2014-08-04,楠梓市場,
2014-08-04,三民第一,150.0
2014-08-04,苓雅市場,
2014-08-04,中華市場,116.0
2014-08-04,旗山第一,141.0
2014-08-04,鳳山第一,0.0
2014-08-04,岡山文賢,132.0
2014-08-04,大寮大發,124.0
2014-08-04,橋頭市場,116.0
2014-08-05,國民市場,133.0
2014-08-05,鹽埕示範,
2014-08-05,新興第二,150.0
2014-08-05,三民第二,150.0
2014-08-05,左營第四,133.0
2014-08-05,鼓山第三,
2014-08-05,楠梓市場,
2014-08-05,三民第一,150.0
2014-08-05,苓雅市場,
2014-08-05,中華市場,116.0
2014-08-05,旗山第一,120.0
2014-08-05,鳳山第一,0.0
2014-08-05,岡山文賢,132.0
2014-08-05,大寮大發,124.0
2014-08-05,橋頭市場,116.0
2014-08-06,國民市場,133.0
2014-08-06,鹽埕示範,150.0
2014-08-06,新興第二,150.0
2014-08-06,三民第二,150.0
2014-08-06,左營第四,133.0
2014-08-06,鼓山第三,
2014-08-06,楠梓市場,
2014-08-06,三民第一,150.0
2014-08-06,苓雅市場,
2014-08-06,中華市場,116.0
2014-08-06,旗山第一,120.0
2014-08-06,鳳山第一,0.0
2014-08-06,岡山文賢,132.0
2014-08-06,大寮大發,124.0
2014-08-06,橋頭市場,116.0
2014-08-07,國民市場,133.0
2014-08-07,鹽埕示範,
2014-08-07,新興第二,150.0
2014-08-07,三民第二,150.0
2014-08-07,左營第四,133.0
2014-08-07,鼓山第三,
2014-08-07,楠梓市場,
2014-08-07,三民第一,150.0
2014-08-07,苓雅市場,
2014-08-07,中華市場,
2014-08-07,旗山第一,120.0
2014-08-07,鳳山第一,0.0
2014-08-07,岡山文賢,132.0
2014-08-07,大寮大發,124.0
2014-08-07,橋頭市場,116.0
2014-08-08,國民市場,133.0
2014-08-08,鹽埕示範,150.0
2014-08-08,新興第二,150.0
2014-08-08,三民第二,150.0
2014-08-08,左營第四,133.0
2014-08-08,鼓山第三,150.0
2014-08-08,楠梓市場,150.0
2014-08-08,三民第一,150.0
2014-08-08,苓雅市場,133.0
2014-08-08,中華市場,116.0
2014-08-08,旗山第一,120.0
2014-08-08,鳳山第一,0.0
2014-08-08,岡山文賢,132.0
2014-08-08,大寮大發,124.0
2014-08-08,橋頭市場,116.0
2014-08-09,國民市場,
2014-08-09,鹽埕示範,
2014-08-09,新興第二,
2014-08-09,三民第二,
2014-08-09,左營第四,
2014-08-09,鼓山第三,
2014-08-09,楠梓市場,
2014-08-09,三民第一,
2014-08-09,苓雅市場,133.0
2014-08-09,中華市場,
2014-08-09,旗山第一,
2014-08-09,鳳山第一,
2014-08-09,岡山文賢,
2014-08-09,大寮大發,
2014-08-09,橋頭市場,
2014-08-10,國民市場,
2014-08-10,鹽埕示範,
2014-08-10,新興第二,
2014-08-10,三民第二,
2014-08-10,左營第四,
2014-08-10,鼓山第三,
2014-08-10,楠梓市場,
2014-08-10,三民第一,
2014-08-10,苓雅市場,
2014-08-10,中華市場,
2014-08-10,旗山第一,
2014-08-10,鳳山第一,
2014-08-10,岡山文賢,
2014-08-10,大寮大發,
2014-08-10,橋頭市場,
2014-08-11,國民市場,133.0
2014-08-11,鹽埕示範,150.0
2014-08-11,新興第二,150.0
2014-08-11,三民第二,166.0
2014-08-11,左營第四,133.0
2014-08-11,鼓山第三,150.0
2014-08-11,楠梓市場,150.0
2014-08-11,三民第一,150.0
2014-08-11,苓雅市場,133.0
2014-08-11,中華市場,116.0
2014-08-11,旗山第一,120.0
2014-08-11,鳳山第一,0.0
2014-08-11,岡山文賢,132.0
2014-08-11,大寮大發,
2014-08-11,橋頭市場,116.0
2014-08-12,國民市場,133.0
2014-08-12,鹽埕示範,
2014-08-12,新興第二,
2014-08-12,三民第二,
2014-08-12,左營第四,
2014-08-12,鼓山第三,
2014-08-12,楠梓市場,150.0
2014-08-12,三民第一,
2014-08-12,苓雅市場,
2014-08-12,中華市場,
2014-08-12,旗山第一,120.0
2014-08-12,鳳山第一,
2014-08-12,岡山文賢,
2014-08-12,大寮大發,
2014-08-12,橋頭市場,116.0
2014-08-13,國民市場,
2014-08-13,鹽埕示範,
2014-08-13,新興第二,
2014-08-13,三民第二,
2014-08-13,左營第四,
2014-08-13,鼓山第三,
2014-08-13,楠梓市場,
2014-08-13,三民第一,
2014-08-13,苓雅市場,
2014-08-13,中華市場,
2014-08-13,旗山第一,
2014-08-13,鳳山第一,
2014-08-13,岡山文賢,
2014-08-13,大寮大發,
2014-08-13,橋頭市場,116.0
2014-08-14,國民市場,150.0
2014-08-14,鹽埕示範,
2014-08-14,新興第二,150.0
2014-08-14,三民第二,166.0
2014-08-14,左營第四,133.0
2014-08-14,鼓山第三,150.0
2014-08-14,楠梓市場,150.0
2014-08-14,三民第一,150.0
2014-08-14,苓雅市場,150.0
2014-08-14,中華市場,116.0
2014-08-14,旗山第一,120.0
2014-08-14,鳳山第一,0.0
2014-08-14,岡山文賢,132.0
2014-08-14,大寮大發,124.0
2014-08-14,橋頭市場,116.0
2014-08-15,國民市場,150.0
2014-08-15,鹽埕示範,
2014-08-15,新興第二,150.0
2014-08-15,三民第二,166.0
2014-08-15,左營第四,133.0
2014-08-15,鼓山第三,150.0
2014-08-15,楠梓市場,150.0
2014-08-15,三民第一,150.0
2014-08-15,苓雅市場,150.0
2014-08-15,中華市場,116.0
2014-08-15,旗山第一,120.0
2014-08-15,鳳山第一,0.0
2014-08-15,岡山文賢,132.0
2014-08-15,大寮大發,124.0
2014-08-15,橋頭市場,116.0
2014-08-16,國民市場,
2014-08-16,鹽埕示範,
2014-08-16,新興第二,
2014-08-16,三民第二,
2014-08-16,左營第四,
2014-08-16,鼓山第三,
2014-08-16,楠梓市場,
2014-08-16,三民第一,
2014-08-16,苓雅市場,
2014-08-16,中華市場,
2014-08-16,旗山第一,
2014-08-16,鳳山第一,
2014-08-16,岡山文賢,
2014-08-16,大寮大發,
2014-08-16,橋頭市場,
2014-08-17,國民市場,
2014-08-17,鹽埕示範,
2014-08-17,新興第二,
2014-08-17,三民第二,
2014-08-17,左營第四,
2014-08-17,鼓山第三,
2014-08-17,楠梓市場,
2014-08-17,三民第一,
2014-08-17,苓雅市場,
2014-08-17,中華市場,
2014-08-17,旗山第一,
2014-08-17,鳳山第一,
2014-08-17,岡山文賢,
2014-08-17,大寮大發,
2014-08-17,橋頭市場,116.0
2014-08-18,國民市場,150.0
2014-08-18,鹽埕示範,
2014-08-18,新興第二,150.0
2014-08-18,三民第二,166.0
2014-08-18,左營第四,133.0
2014-08-18,鼓山第三,150.0
2014-08-18,楠梓市場,150.0
2014-08-18,三民第一,150.0
2014-08-18,苓雅市場,
2014-08-18,中華市場,116.0
2014-08-18,旗山第一,120.0
2014-08-18,鳳山第一,0.0
2014-08-18,岡山文賢,115.0
2014-08-18,大寮大發,132.0
2014-08-18,橋頭市場,116.0
2014-08-19,國民市場,150.0
2014-08-19,鹽埕示範,150.0
2014-08-19,新興第二,150.0
2014-08-19,三民第二,166.0
2014-08-19,左營第四,133.0
2014-08-19,鼓山第三,150.0
2014-08-19,楠梓市場,150.0
2014-08-19,三民第一,150.0
2014-08-19,苓雅市場,
2014-08-19,中華市場,116.0
2014-08-19,旗山第一,120.0
2014-08-19,鳳山第一,0.0
2014-08-19,岡山文賢,115.0
2014-08-19,大寮大發,132.0
2014-08-19,橋頭市場,116.0
2014-08-20,國民市場,150.0
2014-08-20,鹽埕示範,150.0
2014-08-20,新興第二,150.0
2014-08-20,三民第二,166.0
2014-08-20,左營第四,133.0
2014-08-20,鼓山第三,150.0
2014-08-20,楠梓市場,150.0
2014-08-20,三民第一,150.0
2014-08-20,苓雅市場,150.0
2014-08-20,中華市場,116.0
2014-08-20,旗山第一,120.0
2014-08-20,鳳山第一,0.0
2014-08-20,岡山文賢,115.0
2014-08-20,大寮大發,132.0
2014-08-20,橋頭市場,116.0
2014-08-21,國民市場,150.0
2014-08-21,鹽埕示範,150.0
2014-08-21,新興第二,150.0
2014-08-21,三民第二,166.0
2014-08-21,左營第四,133.0
2014-08-21,鼓山第三,150.0
2014-08-21,楠梓市場,150.0
2014-08-21,三民第一,150.0
2014-08-21,苓雅市場,150.0
2014-08-21,中華市場,116.0
2014-08-21,旗山第一,120.0
2014-08-21,鳳山第一,0.0
2014-08-21,岡山文賢,115.0
2014-08-21,大寮大發,132.0
2014-08-21,橋頭市場,116.0
2014-08-22,國民市場,150.0
2014-08-22,鹽埕示範,150.0
2014-08-22,新興第二,150.0
2014-08-22,三民第二,166.0
2014-08-22,左營第四,133.0
2014-08-22,鼓山第三,150.0
2014-08-22,楠梓市場,150.0
2014-08-22,三民第一,150.0
2014-08-22,苓雅市場,150.0
2014-08-22,中華市場,116.0
2014-08-22,旗山第一,120.0
2014-08-22,鳳山第一,0.0
2014-08-22,岡山文賢,
2014-08-22,大寮大發,128.0
2014-08-22,橋頭市場,116.0
2014-08-23,國民市場,
2014-08-23,鹽埕示範,
2014-08-23,新興第二,
2014-08-23,三民第二,
2014-08-23,左營第四,
2014-08-23,鼓山第三,
2014-08-23,楠梓市場,
2014-08-23,三民第一,
2014-08-23,苓雅市場,
2014-08-23,中華市場,
2014-08-23,旗山第一,
2014-08-23,鳳山第一,
2014-08-23,岡山文賢,
2014-08-23,大寮大發,
2014-08-23,橋頭市場,
2014-08-24,國民市場,
2014-08-24,鹽埕示範,
2014-08-24,新興第二,
2014-08-24,三民第二,
2014-08-24,左營第四,
2014-08-24,鼓山第三,
2014-08-24,楠梓市場,
2014-08-24,三民第一,
2014-08-24,苓雅市場,
2014-08-24,中華市場,
2014-08-24,旗山第一,
2014-08-24,鳳山第一,
2014-08-24,岡山文賢,
2014-08-24,大寮大發,
2014-08-24,橋頭市場,
2014-08-25,國民市場,150.0
2014-08-25,鹽埕示範,150.0
2014-08-25,新興第二,150.0
2014-08-25,三民第二,
2014-08-25,左營第四,133.0
2014-08-25,鼓山第三,150.0
2014-08-25,楠梓市場,
2014-08-25,三民第一,150.0
2014-08-25,苓雅市場,150.0
2014-08-25,中華市場,133.0
2014-08-25,旗山第一,120.0
2014-08-25,鳳山第一,0.0
2014-08-25,岡山文賢,115.0
2014-08-25,大寮大發,128.0
2014-08-25,橋頭市場,116.0
2014-08-26,國民市場,150.0
2014-08-26,鹽埕示範,150.0
2014-08-26,新興第二,150.0
2014-08-26,三民第二,
2014-08-26,左營第四,133.0
2014-08-26,鼓山第三,150.0
2014-08-26,楠梓市場,
2014-08-26,三民第一,150.0
2014-08-26,苓雅市場,150.0
2014-08-26,中華市場,133.0
2014-08-26,旗山第一,120.0
2014-08-26,鳳山第一,0.0
2014-08-26,岡山文賢,115.0
2014-08-26,大寮大發,128.0
2014-08-26,橋頭市場,116.0
2014-08-27,國民市場,150.0
2014-08-27,鹽埕示範,
2014-08-27,新興第二,150.0
2014-08-27,三民第二,
2014-08-27,左營第四,133.0
2014-08-27,鼓山第三,150.0
2014-08-27,楠梓市場,150.0
2014-08-27,三民第一,150.0
2014-08-27,苓雅市場,150.0
2014-08-27,中華市場,
2014-08-27,旗山第一,120.0
2014-08-27,鳳山第一,0.0
2014-08-27,岡山文賢,115.0
2014-08-27,大寮大發,128.0
2014-08-27,橋頭市場,116.0
2014-08-28,國民市場,150.0
2014-08-28,鹽埕示範,150.0
2014-08-28,新興第二,150.0
2014-08-28,三民第二,150.0
2014-08-28,左營第四,0.0
2014-08-28,鼓山第三,150.0
2014-08-28,楠梓市場,150.0
2014-08-28,三民第一,150.0
2014-08-28,苓雅市場,150.0
2014-08-28,中華市場,133.0
2014-08-28,旗山第一,120.0
2014-08-28,鳳山第一,0.0
2014-08-28,岡山文賢,115.0
2014-08-28,大寮大發,128.0
2014-08-28,橋頭市場,116.0
2014-08-29,國民市場,150.0
2014-08-29,鹽埕示範,150.0
2014-08-29,新興第二,150.0
2014-08-29,三民第二,150.0
2014-08-29,左營第四,133.0
2014-08-29,鼓山第三,150.0
2014-08-29,楠梓市場,150.0
2014-08-29,三民第一,150.0
2014-08-29,苓雅市場,133.0
2014-08-29,中華市場,
2014-08-29,旗山第一,120.0
2014-08-29,鳳山第一,0.0
2014-08-29,岡山文賢,115.0
2014-08-29,大寮大發,128.0
2014-08-29,橋頭市場,116.0
2014-08-30,國民市場,
2014-08-30,鹽埕示範,
2014-08-30,新興第二,
2014-08-30,三民第二,
2014-08-30,左營第四,
2014-08-30,鼓山第三,
2014-08-30,楠梓市場,
2014-08-30,三民第一,
2014-08-30,苓雅市場,
2014-08-30,中華市場,
2014-08-30,旗山第一,
2014-08-30,鳳山第一,
2014-08-30,岡山文賢,
2014-08-30,大寮大發,
2014-08-30,橋頭市場,
2014-08-31,國民市場,
2014-08-31,鹽埕示範,
2014-08-31,新興第二,
2014-08-31,三民第二,
2014-08-31,左營第四,
2014-08-31,鼓山第三,
2014-08-31,楠梓市場,
2014-08-31,三民第一,
2014-08-31,苓雅市場,
2014-08-31,中華市場,
2014-08-31,旗山第一,
2014-08-31,鳳山第一,
2014-08-31,岡山文賢,
2014-08-31,大寮大發,
2014-08-31,橋頭市場,
2014-09-01,國民市場,150.0
2014-09-01,鹽埕示範,150.0
2014-09-01,新興第二,150.0
2014-09-01,三民第二,150.0
2014-09-01,左營第四,133.0
2014-09-01,鼓山第三,150.0
2014-09-01,楠梓市場,150.0
2014-09-01,三民第一,150.0
2014-09-01,苓雅市場,150.0
2014-09-01,中華市場,150.0
2014-09-01,旗山第一,120.0
2014-09-01,鳳山第一,0.0
2014-09-01,岡山文賢,115.0
2014-09-01,大寮大發,126.0
2014-09-01,橋頭市場,150.0
2014-09-02,國民市場,150.0
2014-09-02,鹽埕示範,150.0
2014-09-02,新興第二,133.0
2014-09-02,三民第二,150.0
2014-09-02,左營第四,133.0
2014-09-02,鼓山第三,150.0
2014-09-02,楠梓市場,150.0
2014-09-02,三民第一,150.0
2014-09-02,苓雅市場,150.0
2014-09-02,中華市場,150.0
2014-09-02,旗山第一,120.0
2014-09-02,鳳山第一,0.0
2014-09-02,岡山文賢,115.0
2014-09-02,大寮大發,126.0
2014-09-02,橋頭市場,150.0
2014-09-03,國民市場,150.0
2014-09-03,鹽埕示範,150.0
2014-09-03,新興第二,133.0
2014-09-03,三民第二,150.0
2014-09-03,左營第四,133.0
2014-09-03,鼓山第三,150.0
2014-09-03,楠梓市場,150.0
2014-09-03,三民第一,150.0
2014-09-03,苓雅市場,150.0
2014-09-03,中華市場,150.0
2014-09-03,旗山第一,120.0
2014-09-03,鳳山第一,0.0
2014-09-03,岡山文賢,115.0
2014-09-03,大寮大發,122.0
2014-09-03,橋頭市場,150.0
2014-09-04,國民市場,150.0
2014-09-04,鹽埕示範,150.0
2014-09-04,新興第二,133.0
2014-09-04,三民第二,150.0
2014-09-04,左營第四,133.0
2014-09-04,鼓山第三,150.0
2014-09-04,楠梓市場,150.0
2014-09-04,三民第一,150.0
2014-09-04,苓雅市場,150.0
2014-09-04,中華市場,150.0
2014-09-04,旗山第一,120.0
2014-09-04,鳳山第一,0.0
2014-09-04,岡山文賢,115.0
2014-09-04,大寮大發,122.0
2014-09-04,橋頭市場,150.0
2014-09-05,國民市場,150.0
2014-09-05,鹽埕示範,150.0
2014-09-05,新興第二,133.0
2014-09-05,三民第二,150.0
2014-09-05,左營第四,133.0
2014-09-05,鼓山第三,150.0
2014-09-05,楠梓市場,150.0
2014-09-05,三民第一,150.0
2014-09-05,苓雅市場,150.0
2014-09-05,中華市場,
2014-09-05,旗山第一,120.0
2014-09-05,鳳山第一,0.0
2014-09-05,岡山文賢,115.0
2014-09-05,大寮大發,122.0
2014-09-05,橋頭市場,150.0
2014-09-06,國民市場,
2014-09-06,鹽埕示範,
2014-09-06,新興第二,
2014-09-06,三民第二,
2014-09-06,左營第四,
2014-09-06,鼓山第三,
2014-09-06,楠梓市場,
2014-09-06,三民第一,
2014-09-06,苓雅市場,
2014-09-06,中華市場,
2014-09-06,旗山第一,
2014-09-06,鳳山第一,
2014-09-06,岡山文賢,
2014-09-06,大寮大發,
2014-09-06,橋頭市場,
2014-09-07,國民市場,
2014-09-07,鹽埕示範,
2014-09-07,新興第二,
2014-09-07,三民第二,
2014-09-07,左營第四,
2014-09-07,鼓山第三,
2014-09-07,楠梓市場,
2014-09-07,三民第一,
2014-09-07,苓雅市場,
2014-09-07,中華市場,
2014-09-07,旗山第一,
2014-09-07,鳳山第一,
2014-09-07,岡山文賢,
2014-09-07,大寮大發,
2014-09-07,橋頭市場,
2014-09-08,國民市場,
2014-09-08,鹽埕示範,
2014-09-08,新興第二,
2014-09-08,三民第二,
2014-09-08,左營第四,
2014-09-08,鼓山第三,
2014-09-08,楠梓市場,
2014-09-08,三民第一,
2014-09-08,苓雅市場,
2014-09-08,中華市場,
2014-09-08,旗山第一,
2014-09-08,鳳山第一,
2014-09-08,岡山文賢,
2014-09-08,大寮大發,
2014-09-08,橋頭市場,150.0
2014-09-09,國民市場,
2014-09-09,鹽埕示範,150.0
2014-09-09,新興第二,133.0
2014-09-09,三民第二,166.0
2014-09-09,左營第四,133.0
2014-09-09,鼓山第三,150.0
2014-09-09,楠梓市場,150.0
2014-09-09,三民第一,150.0
2014-09-09,苓雅市場,150.0
2014-09-09,中華市場,150.0
2014-09-09,旗山第一,120.0
2014-09-09,鳳山第一,0.0
2014-09-09,岡山文賢,132.0
2014-09-09,大寮大發,114.0
2014-09-09,橋頭市場,150.0
2014-09-10,國民市場,133.0
2014-09-10,鹽埕示範,
2014-09-10,新興第二,
2014-09-10,三民第二,
2014-09-10,左營第四,
2014-09-10,鼓山第三,
2014-09-10,楠梓市場,150.0
2014-09-10,三民第一,
2014-09-10,苓雅市場,150.0
2014-09-10,中華市場,
2014-09-10,旗山第一,120.0
2014-09-10,鳳山第一,
2014-09-10,岡山文賢,132.0
2014-09-10,大寮大發,
2014-09-10,橋頭市場,150.0
2014-09-11,國民市場,133.0
2014-09-11,鹽埕示範,150.0
2014-09-11,新興第二,133.0
2014-09-11,三民第二,166.0
2014-09-11,左營第四,133.0
2014-09-11,鼓山第三,150.0
2014-09-11,楠梓市場,150.0
2014-09-11,三民第一,150.0
2014-09-11,苓雅市場,150.0
2014-09-11,中華市場,
2014-09-11,旗山第一,120.0
2014-09-11,鳳山第一,0.0
2014-09-11,岡山文賢,132.0
2014-09-11,大寮大發,120.0
2014-09-11,橋頭市場,150.0
2014-09-12,國民市場,133.0
2014-09-12,鹽埕示範,150.0
2014-09-12,新興第二,133.0
2014-09-12,三民第二,166.0
2014-09-12,左營第四,133.0
2014-09-12,鼓山第三,150.0
2014-09-12,楠梓市場,150.0
2014-09-12,三民第一,150.0
2014-09-12,苓雅市場,150.0
2014-09-12,中華市場,150.0
2014-09-12,旗山第一,120.0
2014-09-12,鳳山第一,0.0
2014-09-12,岡山文賢,132.0
2014-09-12,大寮大發,120.0
2014-09-12,橋頭市場,150.0
2014-09-13,國民市場,
2014-09-13,鹽埕示範,
2014-09-13,新興第二,
2014-09-13,三民第二,
2014-09-13,左營第四,
2014-09-13,鼓山第三,
2014-09-13,楠梓市場,
2014-09-13,三民第一,
2014-09-13,苓雅市場,
2014-09-13,中華市場,
2014-09-13,旗山第一,
2014-09-13,鳳山第一,
2014-09-13,岡山文賢,
2014-09-13,大寮大發,
2014-09-13,橋頭市場,0.0
2014-09-14,國民市場,
2014-09-14,鹽埕示範,
2014-09-14,新興第二,
2014-09-14,三民第二,
2014-09-14,左營第四,
2014-09-14,鼓山第三,
2014-09-14,楠梓市場,
2014-09-14,三民第一,
2014-09-14,苓雅市場,
2014-09-14,中華市場,
2014-09-14,旗山第一,
2014-09-14,鳳山第一,
2014-09-14,岡山文賢,
2014-09-14,大寮大發,
2014-09-14,橋頭市場,0.0
2014-09-15,國民市場,133.0
2014-09-15,鹽埕示範,150.0
2014-09-15,新興第二,133.0
2014-09-15,三民第二,166.0
2014-09-15,左營第四,133.0
2014-09-15,鼓山第三,150.0
2014-09-15,楠梓市場,150.0
2014-09-15,三民第一,150.0
2014-09-15,苓雅市場,150.0
2014-09-15,中華市場,150.0
2014-09-15,旗山第一,120.0
2014-09-15,鳳山第一,0.0
2014-09-15,岡山文賢,132.0
2014-09-15,大寮大發,124.0
2014-09-15,橋頭市場,150.0
2014-09-16,國民市場,133.0
2014-09-16,鹽埕示範,150.0
2014-09-16,新興第二,133.0
2014-09-16,三民第二,
2014-09-16,左營第四,133.0
2014-09-16,鼓山第三,150.0
2014-09-16,楠梓市場,150.0
2014-09-16,三民第一,150.0
2014-09-16,苓雅市場,150.0
2014-09-16,中華市場,150.0
2014-09-16,旗山第一,120.0
2014-09-16,鳳山第一,0.0
2014-09-16,岡山文賢,148.0
2014-09-16,大寮大發,124.0
2014-09-16,橋頭市場,150.0
2014-09-17,國民市場,150.0
2014-09-17,鹽埕示範,150.0
2014-09-17,新興第二,133.0
2014-09-17,三民第二,
2014-09-17,左營第四,133.0
2014-09-17,鼓山第三,150.0
2014-09-17,楠梓市場,150.0
2014-09-17,三民第一,150.0
2014-09-17,苓雅市場,150.0
2014-09-17,中華市場,150.0
2014-09-17,旗山第一,120.0
2014-09-17,鳳山第一,0.0
2014-09-17,岡山文賢,148.0
2014-09-17,大寮大發,124.0
2014-09-17,橋頭市場,150.0
2014-09-18,國民市場,150.0
2014-09-18,鹽埕示範,150.0
2014-09-18,新興第二,133.0
2014-09-18,三民第二,
2014-09-18,左營第四,133.0
2014-09-18,鼓山第三,150.0
2014-09-18,楠梓市場,150.0
2014-09-18,三民第一,150.0
2014-09-18,苓雅市場,150.0
2014-09-18,中華市場,150.0
2014-09-18,旗山第一,120.0
2014-09-18,鳳山第一,0.0
2014-09-18,岡山文賢,148.0
2014-09-18,大寮大發,124.0
2014-09-18,橋頭市場,150.0
2014-09-19,國民市場,150.0
2014-09-19,鹽埕示範,150.0
2014-09-19,新興第二,133.0
2014-09-19,三民第二,
2014-09-19,左營第四,133.0
2014-09-19,鼓山第三,150.0
2014-09-19,楠梓市場,150.0
2014-09-19,三民第一,150.0
2014-09-19,苓雅市場,150.0
2014-09-19,中華市場,150.0
2014-09-19,旗山第一,120.0
2014-09-19,鳳山第一,0.0
2014-09-19,岡山文賢,148.0
2014-09-19,大寮大發,124.0
2014-09-19,橋頭市場,150.0
2014-09-20,國民市場,
2014-09-20,鹽埕示範,
2014-09-20,新興第二,
2014-09-20,三民第二,
2014-09-20,左營第四,
2014-09-20,鼓山第三,
2014-09-20,楠梓市場,
2014-09-20,三民第一,
2014-09-20,苓雅市場,
2014-09-20,中華市場,
2014-09-20,旗山第一,
2014-09-20,鳳山第一,
2014-09-20,岡山文賢,
2014-09-20,大寮大發,
2014-09-20,橋頭市場,
2014-09-21,國民市場,
2014-09-21,鹽埕示範,
2014-09-21,新興第二,
2014-09-21,三民第二,
2014-09-21,左營第四,
2014-09-21,鼓山第三,
2014-09-21,楠梓市場,
2014-09-21,三民第一,
2014-09-21,苓雅市場,
2014-09-21,中華市場,
2014-09-21,旗山第一,
2014-09-21,鳳山第一,
2014-09-21,岡山文賢,
2014-09-21,大寮大發,
2014-09-21,橋頭市場,
2014-09-22,國民市場,133.0
2014-09-22,鹽埕示範,150.0
2014-09-22,新興第二,133.0
2014-09-22,三民第二,166.0
2014-09-22,左營第四,133.0
2014-09-22,鼓山第三,150.0
2014-09-22,楠梓市場,150.0
2014-09-22,三民第一,150.0
2014-09-22,苓雅市場,150.0
2014-09-22,中華市場,150.0
2014-09-22,旗山第一,120.0
2014-09-22,鳳山第一,0.0
2014-09-22,岡山文賢,148.0
2014-09-22,大寮大發,124.0
2014-09-22,橋頭市場,150.0
2014-09-23,國民市場,133.0
2014-09-23,鹽埕示範,
2014-09-23,新興第二,133.0
2014-09-23,三民第二,166.0
2014-09-23,左營第四,133.0
2014-09-23,鼓山第三,150.0
2014-09-23,楠梓市場,150.0
2014-09-23,三民第一,150.0
2014-09-23,苓雅市場,150.0
2014-09-23,中華市場,
2014-09-23,旗山第一,120.0
2014-09-23,鳳山第一,0.0
2014-09-23,岡山文賢,148.0
2014-09-23,大寮大發,132.0
2014-09-23,橋頭市場,150.0
2014-09-24,國民市場,133.0
2014-09-24,鹽埕示範,150.0
2014-09-24,新興第二,133.0
2014-09-24,三民第二,150.0
2014-09-24,左營第四,133.0
2014-09-24,鼓山第三,150.0
2014-09-24,楠梓市場,150.0
2014-09-24,三民第一,150.0
2014-09-24,苓雅市場,133.0
2014-09-24,中華市場,150.0
2014-09-24,旗山第一,120.0
2014-09-24,鳳山第一,0.0
2014-09-24,岡山文賢,148.0
2014-09-24,大寮大發,132.0
2014-09-24,橋頭市場,150.0
2014-09-25,國民市場,133.0
2014-09-25,鹽埕示範,150.0
2014-09-25,新興第二,133.0
2014-09-25,三民第二,150.0
2014-09-25,左營第四,133.0
2014-09-25,鼓山第三,150.0
2014-09-25,楠梓市場,142.0
2014-09-25,三民第一,150.0
2014-09-25,苓雅市場,133.0
2014-09-25,中華市場,150.0
2014-09-25,旗山第一,120.0
2014-09-25,鳳山第一,0.0
2014-09-25,岡山文賢,148.0
2014-09-25,大寮大發,132.0
2014-09-25,橋頭市場,150.0
2014-09-26,國民市場,133.0
2014-09-26,鹽埕示範,
2014-09-26,新興第二,133.0
2014-09-26,三民第二,150.0
2014-09-26,左營第四,133.0
2014-09-26,鼓山第三,150.0
2014-09-26,楠梓市場,142.0
2014-09-26,三民第一,150.0
2014-09-26,苓雅市場,133.0
2014-09-26,中華市場,150.0
2014-09-26,旗山第一,120.0
2014-09-26,鳳山第一,0.0
2014-09-26,岡山文賢,148.0
2014-09-26,大寮大發,132.0
2014-09-26,橋頭市場,150.0
2014-09-27,國民市場,
2014-09-27,鹽埕示範,
2014-09-27,新興第二,
2014-09-27,三民第二,
2014-09-27,左營第四,
2014-09-27,鼓山第三,
2014-09-27,楠梓市場,
2014-09-27,三民第一,
2014-09-27,苓雅市場,
2014-09-27,中華市場,
2014-09-27,旗山第一,
2014-09-27,鳳山第一,
2014-09-27,岡山文賢,
2014-09-27,大寮大發,
2014-09-27,橋頭市場,
2014-09-28,國民市場,
2014-09-28,鹽埕示範,
2014-09-28,新興第二,
2014-09-28,三民第二,
2014-09-28,左營第四,
2014-09-28,鼓山第三,
2014-09-28,楠梓市場,
2014-09-28,三民第一,
2014-09-28,苓雅市場,
2014-09-28,中華市場,
2014-09-28,旗山第一,
2014-09-28,鳳山第一,
2014-09-28,岡山文賢,
2014-09-28,大寮大發,
2014-09-28,橋頭市場,
2014-09-29,國民市場,150.0
2014-09-29,鹽埕示範,150.0
2014-09-29,新興第二,133.0
2014-09-29,三民第二,166.0
2014-09-29,左營第四,133.0
2014-09-29,鼓山第三,150.0
2014-09-29,楠梓市場,142.0
2014-09-29,三民第一,150.0
2014-09-29,苓雅市場,133.0
2014-09-29,中華市場,150.0
2014-09-29,旗山第一,120.0
2014-09-29,鳳山第一,0.0
2014-09-29,岡山文賢,158.0
2014-09-29,大寮大發,132.0
2014-09-29,橋頭市場,150.0
2014-09-30,國民市場,150.0
2014-09-30,鹽埕示範,150.0
2014-09-30,新興第二,133.0
2014-09-30,三民第二,166.0
2014-09-30,左營第四,133.0
2014-09-30,鼓山第三,150.0
2014-09-30,楠梓市場,142.0
2014-09-30,三民第一,150.0
2014-09-30,苓雅市場,150.0
2014-09-30,中華市場,150.0
2014-09-30,旗山第一,120.0
2014-09-30,鳳山第一,0.0
2014-09-30,岡山文賢,158.0
2014-09-30,大寮大發,132.0
2014-09-30,橋頭市場,150.0
2014-10-01,國民市場,150.0
2014-10-01,鹽埕示範,150.0
2014-10-01,新興第二,133.0
2014-10-01,三民第二,166.0
2014-10-01,左營第四,133.0
2014-10-01,鼓山第三,150.0
2014-10-01,楠梓市場,142.0
2014-10-01,三民第一,150.0
2014-10-01,苓雅市場,150.0
2014-10-01,中華市場,150.0
2014-10-01,旗山第一,120.0
2014-10-01,鳳山第一,0.0
2014-10-01,岡山文賢,158.0
2014-10-01,大寮大發,148.0
2014-10-01,橋頭市場,150.0
2014-10-02,國民市場,150.0
2014-10-02,鹽埕示範,150.0
2014-10-02,新興第二,133.0
2014-10-02,三民第二,
2014-10-02,左營第四,133.0
2014-10-02,鼓山第三,150.0
2014-10-02,楠梓市場,142.0
2014-10-02,三民第一,150.0
2014-10-02,苓雅市場,150.0
2014-10-02,中華市場,
2014-10-02,旗山第一,120.0
2014-10-02,鳳山第一,0.0
2014-10-02,岡山文賢,158.0
2014-10-02,大寮大發,148.0
2014-10-02,橋頭市場,150.0
2014-10-03,國民市場,150.0
2014-10-03,鹽埕示範,150.0
2014-10-03,新興第二,133.0
2014-10-03,三民第二,166.0
2014-10-03,左營第四,133.0
2014-10-03,鼓山第三,150.0
2014-10-03,楠梓市場,142.0
2014-10-03,三民第一,150.0
2014-10-03,苓雅市場,150.0
2014-10-03,中華市場,150.0
2014-10-03,旗山第一,120.0
2014-10-03,鳳山第一,0.0
2014-10-03,岡山文賢,158.0
2014-10-03,大寮大發,144.0
2014-10-03,橋頭市場,150.0
2014-10-04,國民市場,
2014-10-04,鹽埕示範,
2014-10-04,新興第二,
2014-10-04,三民第二,
2014-10-04,左營第四,
2014-10-04,鼓山第三,
2014-10-04,楠梓市場,
2014-10-04,三民第一,
2014-10-04,苓雅市場,
2014-10-04,中華市場,
2014-10-04,旗山第一,
2014-10-04,鳳山第一,
2014-10-04,岡山文賢,
2014-10-04,大寮大發,
2014-10-04,橋頭市場,
2014-10-05,國民市場,
2014-10-05,鹽埕示範,
2014-10-05,新興第二,
2014-10-05,三民第二,
2014-10-05,左營第四,
2014-10-05,鼓山第三,
2014-10-05,楠梓市場,
2014-10-05,三民第一,
2014-10-05,苓雅市場,
2014-10-05,中華市場,
2014-10-05,旗山第一,
2014-10-05,鳳山第一,
2014-10-05,岡山文賢,
2014-10-05,大寮大發,
2014-10-05,橋頭市場,
2014-10-06,國民市場,166.0
2014-10-06,鹽埕示範,150.0
2014-10-06,新興第二,133.0
2014-10-06,三民第二,166.0
2014-10-06,左營第四,133.0
2014-10-06,鼓山第三,150.0
2014-10-06,楠梓市場,142.0
2014-10-06,三民第一,150.0
2014-10-06,苓雅市場,150.0
2014-10-06,中華市場,150.0
2014-10-06,旗山第一,0.0
2014-10-06,鳳山第一,0.0
2014-10-06,岡山文賢,148.0
2014-10-06,大寮大發,144.0
2014-10-06,橋頭市場,150.0
2014-10-07,國民市場,166.0
2014-10-07,鹽埕示範,150.0
2014-10-07,新興第二,133.0
2014-10-07,三民第二,166.0
2014-10-07,左營第四,133.0
2014-10-07,鼓山第三,150.0
2014-10-07,楠梓市場,142.0
2014-10-07,三民第一,150.0
2014-10-07,苓雅市場,150.0
2014-10-07,中華市場,150.0
2014-10-07,旗山第一,120.0
2014-10-07,鳳山第一,0.0
2014-10-07,岡山文賢,148.0
2014-10-07,大寮大發,144.0
2014-10-07,橋頭市場,150.0
2014-10-08,國民市場,166.0
2014-10-08,鹽埕示範,150.0
2014-10-08,新興第二,133.0
2014-10-08,三民第二,166.0
2014-10-08,左營第四,133.0
2014-10-08,鼓山第三,150.0
2014-10-08,楠梓市場,142.0
2014-10-08,三民第一,150.0
2014-10-08,苓雅市場,150.0
2014-10-08,中華市場,150.0
2014-10-08,旗山第一,120.0
2014-10-08,鳳山第一,0.0
2014-10-08,岡山文賢,148.0
2014-10-08,大寮大發,144.0
2014-10-08,橋頭市場,150.0
2014-10-09,國民市場,166.0
2014-10-09,鹽埕示範,150.0
2014-10-09,新興第二,133.0
2014-10-09,三民第二,166.0
2014-10-09,左營第四,133.0
2014-10-09,鼓山第三,150.0
2014-10-09,楠梓市場,142.0
2014-10-09,三民第一,150.0
2014-10-09,苓雅市場,150.0
2014-10-09,中華市場,150.0
2014-10-09,旗山第一,120.0
2014-10-09,鳳山第一,0.0
2014-10-09,岡山文賢,148.0
2014-10-09,大寮大發,144.0
2014-10-09,橋頭市場,150.0
2014-10-10,國民市場,
2014-10-10,鹽埕示範,
2014-10-10,新興第二,
2014-10-10,三民第二,
2014-10-10,左營第四,
2014-10-10,鼓山第三,
2014-10-10,楠梓市場,
2014-10-10,三民第一,
2014-10-10,苓雅市場,
2014-10-10,中華市場,
2014-10-10,旗山第一,
2014-10-10,鳳山第一,
2014-10-10,岡山文賢,
2014-10-10,大寮大發,
2014-10-10,橋頭市場,
2014-10-11,國民市場,
2014-10-11,鹽埕示範,
2014-10-11,新興第二,
2014-10-11,三民第二,
2014-10-11,左營第四,
2014-10-11,鼓山第三,
2014-10-11,楠梓市場,
2014-10-11,三民第一,
2014-10-11,苓雅市場,
2014-10-11,中華市場,
2014-10-11,旗山第一,
2014-10-11,鳳山第一,
2014-10-11,岡山文賢,
2014-10-11,大寮大發,
2014-10-11,橋頭市場,
2014-10-12,國民市場,
2014-10-12,鹽埕示範,
2014-10-12,新興第二,
2014-10-12,三民第二,
2014-10-12,左營第四,
2014-10-12,鼓山第三,
2014-10-12,楠梓市場,
2014-10-12,三民第一,
2014-10-12,苓雅市場,
2014-10-12,中華市場,
2014-10-12,旗山第一,
2014-10-12,鳳山第一,
2014-10-12,岡山文賢,
2014-10-12,大寮大發,
2014-10-12,橋頭市場,
2014-10-13,國民市場,150.0
2014-10-13,鹽埕示範,150.0
2014-10-13,新興第二,133.0
2014-10-13,三民第二,166.0
2014-10-13,左營第四,133.0
2014-10-13,鼓山第三,150.0
2014-10-13,楠梓市場,142.0
2014-10-13,三民第一,150.0
2014-10-13,苓雅市場,
2014-10-13,中華市場,150.0
2014-10-13,旗山第一,120.0
2014-10-13,鳳山第一,0.0
2014-10-13,岡山文賢,158.0
2014-10-13,大寮大發,144.0
2014-10-13,橋頭市場,150.0
2014-10-14,國民市場,150.0
2014-10-14,鹽埕示範,150.0
2014-10-14,新興第二,133.0
2014-10-14,三民第二,166.0
2014-10-14,左營第四,133.0
2014-10-14,鼓山第三,150.0
2014-10-14,楠梓市場,142.0
2014-10-14,三民第一,150.0
2014-10-14,苓雅市場,
2014-10-14,中華市場,150.0
2014-10-14,旗山第一,120.0
2014-10-14,鳳山第一,0.0
2014-10-14,岡山文賢,158.0
2014-10-14,大寮大發,128.0
2014-10-14,橋頭市場,150.0
2014-10-15,國民市場,150.0
2014-10-15,鹽埕示範,150.0
2014-10-15,新興第二,133.0
2014-10-15,三民第二,166.0
2014-10-15,左營第四,133.0
2014-10-15,鼓山第三,150.0
2014-10-15,楠梓市場,142.0
2014-10-15,三民第一,150.0
2014-10-15,苓雅市場,150.0
2014-10-15,中華市場,150.0
2014-10-15,旗山第一,120.0
2014-10-15,鳳山第一,0.0
2014-10-15,岡山文賢,158.0
2014-10-15,大寮大發,128.0
2014-10-15,橋頭市場,150.0
2014-10-16,國民市場,150.0
2014-10-16,鹽埕示範,150.0
2014-10-16,新興第二,133.0
2014-10-16,三民第二,166.0
2014-10-16,左營第四,133.0
2014-10-16,鼓山第三,150.0
2014-10-16,楠梓市場,142.0
2014-10-16,三民第一,150.0
2014-10-16,苓雅市場,150.0
2014-10-16,中華市場,150.0
2014-10-16,旗山第一,120.0
2014-10-16,鳳山第一,0.0
2014-10-16,岡山文賢,158.0
2014-10-16,大寮大發,128.0
2014-10-16,橋頭市場,150.0
2014-10-17,國民市場,150.0
2014-10-17,鹽埕示範,150.0
2014-10-17,新興第二,133.0
2014-10-17,三民第二,
2014-10-17,左營第四,133.0
2014-10-17,鼓山第三,150.0
2014-10-17,楠梓市場,142.0
2014-10-17,三民第一,150.0
2014-10-17,苓雅市場,150.0
2014-10-17,中華市場,150.0
2014-10-17,旗山第一,120.0
2014-10-17,鳳山第一,0.0
2014-10-17,岡山文賢,158.0
2014-10-17,大寮大發,128.0
2014-10-17,橋頭市場,150.0
2014-10-18,國民市場,
2014-10-18,鹽埕示範,
2014-10-18,新興第二,
2014-10-18,三民第二,
2014-10-18,左營第四,
2014-10-18,鼓山第三,
2014-10-18,楠梓市場,
2014-10-18,三民第一,
2014-10-18,苓雅市場,
2014-10-18,中華市場,
2014-10-18,旗山第一,
2014-10-18,鳳山第一,
2014-10-18,岡山文賢,
2014-10-18,大寮大發,
2014-10-18,橋頭市場,
2014-10-19,國民市場,
2014-10-19,鹽埕示範,
2014-10-19,新興第二,
2014-10-19,三民第二,
2014-10-19,左營第四,
2014-10-19,鼓山第三,
2014-10-19,楠梓市場,
2014-10-19,三民第一,
2014-10-19,苓雅市場,
2014-10-19,中華市場,
2014-10-19,旗山第一,
2014-10-19,鳳山第一,
2014-10-19,岡山文賢,
2014-10-19,大寮大發,
2014-10-19,橋頭市場,
2014-10-20,國民市場,
2014-10-20,鹽埕示範,
2014-10-20,新興第二,133.0
2014-10-20,三民第二,
2014-10-20,左營第四,133.0
2014-10-20,鼓山第三,150.0
2014-10-20,楠梓市場,142.0
2014-10-20,三民第一,150.0
2014-10-20,苓雅市場,150.0
2014-10-20,中華市場,150.0
2014-10-20,旗山第一,120.0
2014-10-20,鳳山第一,0.0
2014-10-20,岡山文賢,158.0
2014-10-20,大寮大發,136.0
2014-10-20,橋頭市場,150.0
2014-10-21,國民市場,166.0
2014-10-21,鹽埕示範,
2014-10-21,新興第二,133.0
2014-10-21,三民第二,
2014-10-21,左營第四,133.0
2014-10-21,鼓山第三,150.0
2014-10-21,楠梓市場,142.0
2014-10-21,三民第一,150.0
2014-10-21,苓雅市場,150.0
2014-10-21,中華市場,150.0
2014-10-21,旗山第一,120.0
2014-10-21,鳳山第一,0.0
2014-10-21,岡山文賢,158.0
2014-10-21,大寮大發,136.0
2014-10-21,橋頭市場,150.0
2014-10-22,國民市場,166.0
2014-10-22,鹽埕示範,150.0
2014-10-22,新興第二,133.0
2014-10-22,三民第二,
2014-10-22,左營第四,133.0
2014-10-22,鼓山第三,150.0
2014-10-22,楠梓市場,142.0
2014-10-22,三民第一,150.0
2014-10-22,苓雅市場,150.0
2014-10-22,中華市場,150.0
2014-10-22,旗山第一,120.0
2014-10-22,鳳山第一,0.0
2014-10-22,岡山文賢,158.0
2014-10-22,大寮大發,136.0
2014-10-22,橋頭市場,150.0
2014-10-23,國民市場,166.0
2014-10-23,鹽埕示範,150.0
2014-10-23,新興第二,133.0
2014-10-23,三民第二,
2014-10-23,左營第四,133.0
2014-10-23,鼓山第三,150.0
2014-10-23,楠梓市場,142.0
2014-10-23,三民第一,150.0
2014-10-23,苓雅市場,150.0
2014-10-23,中華市場,150.0
2014-10-23,旗山第一,120.0
2014-10-23,鳳山第一,0.0
2014-10-23,岡山文賢,158.0
2014-10-23,大寮大發,136.0
2014-10-23,橋頭市場,150.0
2014-10-24,國民市場,166.0
2014-10-24,鹽埕示範,150.0
2014-10-24,新興第二,133.0
2014-10-24,三民第二,150.0
2014-10-24,左營第四,133.0
2014-10-24,鼓山第三,
2014-10-24,楠梓市場,142.0
2014-10-24,三民第一,150.0
2014-10-24,苓雅市場,150.0
2014-10-24,中華市場,150.0
2014-10-24,旗山第一,120.0
2014-10-24,鳳山第一,0.0
2014-10-24,岡山文賢,158.0
2014-10-24,大寮大發,136.0
2014-10-24,橋頭市場,150.0
2014-10-25,國民市場,
2014-10-25,鹽埕示範,
2014-10-25,新興第二,
2014-10-25,三民第二,
2014-10-25,左營第四,
2014-10-25,鼓山第三,150.0
2014-10-25,楠梓市場,
2014-10-25,三民第一,
2014-10-25,苓雅市場,
2014-10-25,中華市場,
2014-10-25,旗山第一,
2014-10-25,鳳山第一,
2014-10-25,岡山文賢,
2014-10-25,大寮大發,
2014-10-25,橋頭市場,0.0
2014-10-26,國民市場,
2014-10-26,鹽埕示範,
2014-10-26,新興第二,
2014-10-26,三民第二,
2014-10-26,左營第四,
2014-10-26,鼓山第三,
2014-10-26,楠梓市場,
2014-10-26,三民第一,
2014-10-26,苓雅市場,
2014-10-26,中華市場,
2014-10-26,旗山第一,
2014-10-26,鳳山第一,
2014-10-26,岡山文賢,
2014-10-26,大寮大發,
2014-10-26,橋頭市場,
2014-10-27,國民市場,166.0
2014-10-27,鹽埕示範,
2014-10-27,新興第二,133.0
2014-10-27,三民第二,150.0
2014-10-27,左營第四,133.0
2014-10-27,鼓山第三,150.0
2014-10-27,楠梓市場,142.0
2014-10-27,三民第一,150.0
2014-10-27,苓雅市場,150.0
2014-10-27,中華市場,150.0
2014-10-27,旗山第一,120.0
2014-10-27,鳳山第一,0.0
2014-10-27,岡山文賢,158.0
2014-10-27,大寮大發,136.0
2014-10-27,橋頭市場,150.0
2014-10-28,國民市場,166.0
2014-10-28,鹽埕示範,150.0
2014-10-28,新興第二,133.0
2014-10-28,三民第二,150.0
2014-10-28,左營第四,133.0
2014-10-28,鼓山第三,150.0
2014-10-28,楠梓市場,142.0
2014-10-28,三民第一,150.0
2014-10-28,苓雅市場,150.0
2014-10-28,中華市場,150.0
2014-10-28,旗山第一,120.0
2014-10-28,鳳山第一,0.0
2014-10-28,岡山文賢,158.0
2014-10-28,大寮大發,136.0
2014-10-28,橋頭市場,150.0
2014-10-29,國民市場,166.0
2014-10-29,鹽埕示範,150.0
2014-10-29,新興第二,133.0
2014-10-29,三民第二,150.0
2014-10-29,左營第四,133.0
2014-10-29,鼓山第三,
2014-10-29,楠梓市場,
2014-10-29,三民第一,150.0
2014-10-29,苓雅市場,
2014-10-29,中華市場,
2014-10-29,旗山第一,120.0
2014-10-29,鳳山第一,0.0
2014-10-29,岡山文賢,158.0
2014-10-29,大寮大發,
2014-10-29,橋頭市場,150.0
2014-10-30,國民市場,166.0
2014-10-30,鹽埕示範,150.0
2014-10-30,新興第二,133.0
2014-10-30,三民第二,150.0
2014-10-30,左營第四,133.0
2014-10-30,鼓山第三,
2014-10-30,楠梓市場,
2014-10-30,三民第一,150.0
2014-10-30,苓雅市場,
2014-10-30,中華市場,
2014-10-30,旗山第一,120.0
2014-10-30,鳳山第一,0.0
2014-10-30,岡山文賢,158.0
2014-10-30,大寮大發,136.0
2014-10-30,橋頭市場,150.0
2014-10-31,國民市場,166.0
2014-10-31,鹽埕示範,150.0
2014-10-31,新興第二,133.0
2014-10-31,三民第二,150.0
2014-10-31,左營第四,133.0
2014-10-31,鼓山第三,
2014-10-31,楠梓市場,
2014-10-31,三民第一,150.0
2014-10-31,苓雅市場,
2014-10-31,中華市場,
2014-10-31,旗山第一,120.0
2014-10-31,鳳山第一,0.0
2014-10-31,岡山文賢,158.0
2014-10-31,大寮大發,136.0
2014-10-31,橋頭市場,150.0
2014-11-01,國民市場,
2014-11-01,鹽埕示範,
2014-11-01,新興第二,
2014-11-01,三民第二,
2014-11-01,左營第四,
2014-11-01,鼓山第三,
2014-11-01,楠梓市場,
2014-11-01,三民第一,
2014-11-01,苓雅市場,
2014-11-01,中華市場,
2014-11-01,旗山第一,
2014-11-01,鳳山第一,
2014-11-01,岡山文賢,
2014-11-01,大寮大發,
2014-11-01,橋頭市場,0.0
2014-11-02,國民市場,
2014-11-02,鹽埕示範,
2014-11-02,新興第二,
2014-11-02,三民第二,
2014-11-02,左營第四,
2014-11-02,鼓山第三,
2014-11-02,楠梓市場,
2014-11-02,三民第一,
2014-11-02,苓雅市場,
2014-11-02,中華市場,
2014-11-02,旗山第一,0.0
2014-11-02,鳳山第一,
2014-11-02,岡山文賢,
2014-11-02,大寮大發,
2014-11-02,橋頭市場,
2014-11-03,國民市場,166.0
2014-11-03,鹽埕示範,150.0
2014-11-03,新興第二,133.0
2014-11-03,三民第二,166.0
2014-11-03,左營第四,133.0
2014-11-03,鼓山第三,150.0
2014-11-03,楠梓市場,142.0
2014-11-03,三民第一,150.0
2014-11-03,苓雅市場,155.0
2014-11-03,中華市場,
2014-11-03,旗山第一,0.0
2014-11-03,鳳山第一,0.0
2014-11-03,岡山文賢,158.0
2014-11-03,大寮大發,144.0
2014-11-03,橋頭市場,133.0
2014-11-04,國民市場,166.0
2014-11-04,鹽埕示範,150.0
2014-11-04,新興第二,133.0
2014-11-04,三民第二,166.0
2014-11-04,左營第四,133.0
2014-11-04,鼓山第三,
2014-11-04,楠梓市場,142.0
2014-11-04,三民第一,150.0
2014-11-04,苓雅市場,155.0
2014-11-04,中華市場,150.0
2014-11-04,旗山第一,120.0
2014-11-04,鳳山第一,0.0
2014-11-04,岡山文賢,158.0
2014-11-04,大寮大發,144.0
2014-11-04,橋頭市場,133.0
2014-11-05,國民市場,166.0
2014-11-05,鹽埕示範,150.0
2014-11-05,新興第二,133.0
2014-11-05,三民第二,166.0
2014-11-05,左營第四,133.0
2014-11-05,鼓山第三,
2014-11-05,楠梓市場,142.0
2014-11-05,三民第一,150.0
2014-11-05,苓雅市場,155.0
2014-11-05,中華市場,150.0
2014-11-05,旗山第一,120.0
2014-11-05,鳳山第一,0.0
2014-11-05,岡山文賢,158.0
2014-11-05,大寮大發,144.0
2014-11-05,橋頭市場,133.0
2014-11-06,國民市場,
2014-11-06,鹽埕示範,
2014-11-06,新興第二,133.0
2014-11-06,三民第二,150.0
2014-11-06,左營第四,133.0
2014-11-06,鼓山第三,
2014-11-06,楠梓市場,142.0
2014-11-06,三民第一,150.0
2014-11-06,苓雅市場,155.0
2014-11-06,中華市場,150.0
2014-11-06,旗山第一,120.0
2014-11-06,鳳山第一,0.0
2014-11-06,岡山文賢,158.0
2014-11-06,大寮大發,
2014-11-06,橋頭市場,133.0
2014-11-07,國民市場,166.0
2014-11-07,鹽埕示範,150.0
2014-11-07,新興第二,133.0
2014-11-07,三民第二,150.0
2014-11-07,左營第四,133.0
2014-11-07,鼓山第三,
2014-11-07,楠梓市場,142.0
2014-11-07,三民第一,150.0
2014-11-07,苓雅市場,133.0
2014-11-07,中華市場,150.0
2014-11-07,旗山第一,120.0
2014-11-07,鳳山第一,0.0
2014-11-07,岡山文賢,158.0
2014-11-07,大寮大發,144.0
2014-11-07,橋頭市場,133.0
2014-11-08,國民市場,
2014-11-08,鹽埕示範,
2014-11-08,新興第二,
2014-11-08,三民第二,
2014-11-08,左營第四,
2014-11-08,鼓山第三,
2014-11-08,楠梓市場,
2014-11-08,三民第一,
2014-11-08,苓雅市場,
2014-11-08,中華市場,
2014-11-08,旗山第一,
2014-11-08,鳳山第一,
2014-11-08,岡山文賢,
2014-11-08,大寮大發,
2014-11-08,橋頭市場,
2014-11-09,國民市場,
2014-11-09,鹽埕示範,
2014-11-09,新興第二,
2014-11-09,三民第二,
2014-11-09,左營第四,
2014-11-09,鼓山第三,
2014-11-09,楠梓市場,
2014-11-09,三民第一,
2014-11-09,苓雅市場,
2014-11-09,中華市場,
2014-11-09,旗山第一,
2014-11-09,鳳山第一,
2014-11-09,岡山文賢,
2014-11-09,大寮大發,
2014-11-09,橋頭市場,
2014-11-10,國民市場,166.0
2014-11-10,鹽埕示範,150.0
2014-11-10,新興第二,133.0
2014-11-10,三民第二,150.0
2014-11-10,左營第四,133.0
2014-11-10,鼓山第三,150.0
2014-11-10,楠梓市場,142.0
2014-11-10,三民第一,150.0
2014-11-10,苓雅市場,133.0
2014-11-10,中華市場,150.0
2014-11-10,旗山第一,
2014-11-10,鳳山第一,0.0
2014-11-10,岡山文賢,158.0
2014-11-10,大寮大發,144.0
2014-11-10,橋頭市場,133.0
2014-11-11,國民市場,166.0
2014-11-11,鹽埕示範,
2014-11-11,新興第二,133.0
2014-11-11,三民第二,150.0
2014-11-11,左營第四,133.0
2014-11-11,鼓山第三,150.0
2014-11-11,楠梓市場,142.0
2014-11-11,三民第一,150.0
2014-11-11,苓雅市場,150.0
2014-11-11,中華市場,150.0
2014-11-11,旗山第一,120.0
2014-11-11,鳳山第一,0.0
2014-11-11,岡山文賢,158.0
2014-11-11,大寮大發,144.0
2014-11-11,橋頭市場,133.0
2014-11-12,國民市場,166.0
2014-11-12,鹽埕示範,150.0
2014-11-12,新興第二,133.0
2014-11-12,三民第二,150.0
2014-11-12,左營第四,133.0
2014-11-12,鼓山第三,150.0
2014-11-12,楠梓市場,142.0
2014-11-12,三民第一,150.0
2014-11-12,苓雅市場,150.0
2014-11-12,中華市場,150.0
2014-11-12,旗山第一,120.0
2014-11-12,鳳山第一,0.0
2014-11-12,岡山文賢,158.0
2014-11-12,大寮大發,
2014-11-12,橋頭市場,133.0
2014-11-13,國民市場,166.0
2014-11-13,鹽埕示範,
2014-11-13,新興第二,133.0
2014-11-13,三民第二,150.0
2014-11-13,左營第四,133.0
2014-11-13,鼓山第三,150.0
2014-11-13,楠梓市場,142.0
2014-11-13,三民第一,150.0
2014-11-13,苓雅市場,150.0
2014-11-13,中華市場,150.0
2014-11-13,旗山第一,115.0
2014-11-13,鳳山第一,0.0
2014-11-13,岡山文賢,158.0
2014-11-13,大寮大發,144.0
2014-11-13,橋頭市場,133.0
2014-11-14,國民市場,166.0
2014-11-14,鹽埕示範,150.0
2014-11-14,新興第二,133.0
2014-11-14,三民第二,150.0
2014-11-14,左營第四,133.0
2014-11-14,鼓山第三,150.0
2014-11-14,楠梓市場,142.0
2014-11-14,三民第一,150.0
2014-11-14,苓雅市場,150.0
2014-11-14,中華市場,150.0
2014-11-14,旗山第一,115.0
2014-11-14,鳳山第一,0.0
2014-11-14,岡山文賢,158.0
2014-11-14,大寮大發,144.0
2014-11-14,橋頭市場,133.0
2014-11-15,國民市場,
2014-11-15,鹽埕示範,
2014-11-15,新興第二,
2014-11-15,三民第二,
2014-11-15,左營第四,
2014-11-15,鼓山第三,
2014-11-15,楠梓市場,
2014-11-15,三民第一,
2014-11-15,苓雅市場,
2014-11-15,中華市場,
2014-11-15,旗山第一,
2014-11-15,鳳山第一,
2014-11-15,岡山文賢,
2014-11-15,大寮大發,
2014-11-15,橋頭市場,
2014-11-16,國民市場,
2014-11-16,鹽埕示範,
2014-11-16,新興第二,
2014-11-16,三民第二,
2014-11-16,左營第四,
2014-11-16,鼓山第三,
2014-11-16,楠梓市場,
2014-11-16,三民第一,
2014-11-16,苓雅市場,
2014-11-16,中華市場,
2014-11-16,旗山第一,
2014-11-16,鳳山第一,
2014-11-16,岡山文賢,
2014-11-16,大寮大發,
2014-11-16,橋頭市場,
2014-11-17,國民市場,0.0
2014-11-17,鹽埕示範,
2014-11-17,新興第二,133.0
2014-11-17,三民第二,150.0
2014-11-17,左營第四,133.0
2014-11-17,鼓山第三,150.0
2014-11-17,楠梓市場,142.0
2014-11-17,三民第一,150.0
2014-11-17,苓雅市場,150.0
2014-11-17,中華市場,
2014-11-17,旗山第一,
2014-11-17,鳳山第一,0.0
2014-11-17,岡山文賢,158.0
2014-11-17,大寮大發,144.0
2014-11-17,橋頭市場,133.0
2014-11-18,國民市場,166.0
2014-11-18,鹽埕示範,150.0
2014-11-18,新興第二,133.0
2014-11-18,三民第二,150.0
2014-11-18,左營第四,133.0
2014-11-18,鼓山第三,150.0
2014-11-18,楠梓市場,142.0
2014-11-18,三民第一,150.0
2014-11-18,苓雅市場,150.0
2014-11-18,中華市場,150.0
2014-11-18,旗山第一,115.0
2014-11-18,鳳山第一,0.0
2014-11-18,岡山文賢,158.0
2014-11-18,大寮大發,136.0
2014-11-18,橋頭市場,133.0
2014-11-19,國民市場,166.0
2014-11-19,鹽埕示範,150.0
2014-11-19,新興第二,133.0
2014-11-19,三民第二,
2014-11-19,左營第四,133.0
2014-11-19,鼓山第三,150.0
2014-11-19,楠梓市場,142.0
2014-11-19,三民第一,150.0
2014-11-19,苓雅市場,160.0
2014-11-19,中華市場,150.0
2014-11-19,旗山第一,115.0
2014-11-19,鳳山第一,0.0
2014-11-19,岡山文賢,158.0
2014-11-19,大寮大發,
2014-11-19,橋頭市場,133.0
2014-11-20,國民市場,166.0
2014-11-20,鹽埕示範,150.0
2014-11-20,新興第二,133.0
2014-11-20,三民第二,150.0
2014-11-20,左營第四,133.0
2014-11-20,鼓山第三,150.0
2014-11-20,楠梓市場,142.0
2014-11-20,三民第一,150.0
2014-11-20,苓雅市場,160.0
2014-11-20,中華市場,150.0
2014-11-20,旗山第一,115.0
2014-11-20,鳳山第一,0.0
2014-11-20,岡山文賢,158.0
2014-11-20,大寮大發,144.0
2014-11-20,橋頭市場,133.0
2014-11-21,國民市場,166.0
2014-11-21,鹽埕示範,150.0
2014-11-21,新興第二,133.0
2014-11-21,三民第二,150.0
2014-11-21,左營第四,133.0
2014-11-21,鼓山第三,150.0
2014-11-21,楠梓市場,142.0
2014-11-21,三民第一,150.0
2014-11-21,苓雅市場,
2014-11-21,中華市場,150.0
2014-11-21,旗山第一,115.0
2014-11-21,鳳山第一,0.0
2014-11-21,岡山文賢,158.0
2014-11-21,大寮大發,144.0
2014-11-21,橋頭市場,133.0
2014-11-22,國民市場,
2014-11-22,鹽埕示範,
2014-11-22,新興第二,
2014-11-22,三民第二,
2014-11-22,左營第四,
2014-11-22,鼓山第三,
2014-11-22,楠梓市場,
2014-11-22,三民第一,
2014-11-22,苓雅市場,
2014-11-22,中華市場,
2014-11-22,旗山第一,
2014-11-22,鳳山第一,
2014-11-22,岡山文賢,
2014-11-22,大寮大發,
2014-11-22,橋頭市場,
2014-11-23,國民市場,
2014-11-23,鹽埕示範,
2014-11-23,新興第二,
2014-11-23,三民第二,
2014-11-23,左營第四,
2014-11-23,鼓山第三,
2014-11-23,楠梓市場,
2014-11-23,三民第一,
2014-11-23,苓雅市場,
2014-11-23,中華市場,
2014-11-23,旗山第一,
2014-11-23,鳳山第一,
2014-11-23,岡山文賢,
2014-11-23,大寮大發,
2014-11-23,橋頭市場,
2014-11-24,國民市場,166.0
2014-11-24,鹽埕示範,150.0
2014-11-24,新興第二,133.0
2014-11-24,三民第二,150.0
2014-11-24,左營第四,133.0
2014-11-24,鼓山第三,150.0
2014-11-24,楠梓市場,150.0
2014-11-24,三民第一,150.0
2014-11-24,苓雅市場,150.0
2014-11-24,中華市場,150.0
2014-11-24,旗山第一,
2014-11-24,鳳山第一,0.0
2014-11-24,岡山文賢,158.0
2014-11-24,大寮大發,136.0
2014-11-24,橋頭市場,133.0
2014-11-25,國民市場,166.0
2014-11-25,鹽埕示範,150.0
2014-11-25,新興第二,133.0
2014-11-25,三民第二,150.0
2014-11-25,左營第四,133.0
2014-11-25,鼓山第三,150.0
2014-11-25,楠梓市場,150.0
2014-11-25,三民第一,150.0
2014-11-25,苓雅市場,150.0
2014-11-25,中華市場,150.0
2014-11-25,旗山第一,115.0
2014-11-25,鳳山第一,0.0
2014-11-25,岡山文賢,158.0
2014-11-25,大寮大發,136.0
2014-11-25,橋頭市場,133.0
2014-11-26,國民市場,166.0
2014-11-26,鹽埕示範,150.0
2014-11-26,新興第二,133.0
2014-11-26,三民第二,150.0
2014-11-26,左營第四,133.0
2014-11-26,鼓山第三,150.0
2014-11-26,楠梓市場,150.0
2014-11-26,三民第一,150.0
2014-11-26,苓雅市場,150.0
2014-11-26,中華市場,150.0
2014-11-26,旗山第一,115.0
2014-11-26,鳳山第一,0.0
2014-11-26,岡山文賢,158.0
2014-11-26,大寮大發,136.0
2014-11-26,橋頭市場,133.0
2014-11-27,國民市場,
2014-11-27,鹽埕示範,150.0
2014-11-27,新興第二,133.0
2014-11-27,三民第二,150.0
2014-11-27,左營第四,133.0
2014-11-27,鼓山第三,150.0
2014-11-27,楠梓市場,150.0
2014-11-27,三民第一,150.0
2014-11-27,苓雅市場,150.0
2014-11-27,中華市場,150.0
2014-11-27,旗山第一,115.0
2014-11-27,鳳山第一,0.0
2014-11-27,岡山文賢,158.0
2014-11-27,大寮大發,136.0
2014-11-27,橋頭市場,133.0
2014-11-28,國民市場,166.0
2014-11-28,鹽埕示範,150.0
2014-11-28,新興第二,133.0
2014-11-28,三民第二,150.0
2014-11-28,左營第四,133.0
2014-11-28,鼓山第三,150.0
2014-11-28,楠梓市場,150.0
2014-11-28,三民第一,150.0
2014-11-28,苓雅市場,150.0
2014-11-28,中華市場,150.0
2014-11-28,旗山第一,117.0
2014-11-28,鳳山第一,0.0
2014-11-28,岡山文賢,158.0
2014-11-28,大寮大發,136.0
2014-11-28,橋頭市場,133.0
2014-11-29,國民市場,
2014-11-29,鹽埕示範,
2014-11-29,新興第二,
2014-11-29,三民第二,
2014-11-29,左營第四,
2014-11-29,鼓山第三,
2014-11-29,楠梓市場,
2014-11-29,三民第一,
2014-11-29,苓雅市場,
2014-11-29,中華市場,
2014-11-29,旗山第一,
2014-11-29,鳳山第一,
2014-11-29,岡山文賢,
2014-11-29,大寮大發,
2014-11-29,橋頭市場,
2014-11-30,國民市場,
2014-11-30,鹽埕示範,
2014-11-30,新興第二,
2014-11-30,三民第二,
2014-11-30,左營第四,
2014-11-30,鼓山第三,
2014-11-30,楠梓市場,
2014-11-30,三民第一,
2014-11-30,苓雅市場,
2014-11-30,中華市場,
2014-11-30,旗山第一,
2014-11-30,鳳山第一,
2014-11-30,岡山文賢,
2014-11-30,大寮大發,
2014-11-30,橋頭市場,
2014-12-01,國民市場,
2014-12-01,鹽埕示範,150.0
2014-12-01,新興第二,133.0
2014-12-01,三民第二,150.0
2014-12-01,左營第四,133.0
2014-12-01,鼓山第三,150.0
2014-12-01,楠梓市場,150.0
2014-12-01,三民第一,150.0
2014-12-01,苓雅市場,150.0
2014-12-01,中華市場,150.0
2014-12-01,旗山第一,
2014-12-01,鳳山第一,0.0
2014-12-01,岡山文賢,132.0
2014-12-01,大寮大發,136.0
2014-12-01,橋頭市場,133.0
2014-12-02,國民市場,166.0
2014-12-02,鹽埕示範,150.0
2014-12-02,新興第二,133.0
2014-12-02,三民第二,150.0
2014-12-02,左營第四,133.0
2014-12-02,鼓山第三,150.0
2014-12-02,楠梓市場,150.0
2014-12-02,三民第一,150.0
2014-12-02,苓雅市場,150.0
2014-12-02,中華市場,150.0
2014-12-02,旗山第一,117.0
2014-12-02,鳳山第一,0.0
2014-12-02,岡山文賢,132.0
2014-12-02,大寮大發,136.0
2014-12-02,橋頭市場,133.0
2014-12-03,國民市場,166.0
2014-12-03,鹽埕示範,150.0
2014-12-03,新興第二,133.0
2014-12-03,三民第二,150.0
2014-12-03,左營第四,133.0
2014-12-03,鼓山第三,150.0
2014-12-03,楠梓市場,150.0
2014-12-03,三民第一,150.0
2014-12-03,苓雅市場,130.0
2014-12-03,中華市場,150.0
2014-12-03,旗山第一,117.0
2014-12-03,鳳山第一,0.0
2014-12-03,岡山文賢,132.0
2014-12-03,大寮大發,136.0
2014-12-03,橋頭市場,133.0
2014-12-04,國民市場,166.0
2014-12-04,鹽埕示範,150.0
2014-12-04,新興第二,133.0
2014-12-04,三民第二,150.0
2014-12-04,左營第四,133.0
2014-12-04,鼓山第三,150.0
2014-12-04,楠梓市場,150.0
2014-12-04,三民第一,150.0
2014-12-04,苓雅市場,130.0
2014-12-04,中華市場,150.0
2014-12-04,旗山第一,117.0
2014-12-04,鳳山第一,0.0
2014-12-04,岡山文賢,132.0
2014-12-04,大寮大發,
2014-12-04,橋頭市場,133.0
2014-12-05,國民市場,166.0
2014-12-05,鹽埕示範,150.0
2014-12-05,新興第二,133.0
2014-12-05,三民第二,150.0
2014-12-05,左營第四,133.0
2014-12-05,鼓山第三,150.0
2014-12-05,楠梓市場,150.0
2014-12-05,三民第一,150.0
2014-12-05,苓雅市場,150.0
2014-12-05,中華市場,150.0
2014-12-05,旗山第一,117.0
2014-12-05,鳳山第一,0.0
2014-12-05,岡山文賢,132.0
2014-12-05,大寮大發,136.0
2014-12-05,橋頭市場,133.0
2014-12-06,國民市場,
2014-12-06,鹽埕示範,
2014-12-06,新興第二,
2014-12-06,三民第二,
2014-12-06,左營第四,
2014-12-06,鼓山第三,
2014-12-06,楠梓市場,
2014-12-06,三民第一,
2014-12-06,苓雅市場,
2014-12-06,中華市場,
2014-12-06,旗山第一,
2014-12-06,鳳山第一,
2014-12-06,岡山文賢,
2014-12-06,大寮大發,
2014-12-06,橋頭市場,
2014-12-07,國民市場,
2014-12-07,鹽埕示範,
2014-12-07,新興第二,
2014-12-07,三民第二,
2014-12-07,左營第四,
2014-12-07,鼓山第三,
2014-12-07,楠梓市場,
2014-12-07,三民第一,
2014-12-07,苓雅市場,
2014-12-07,中華市場,
2014-12-07,旗山第一,
2014-12-07,鳳山第一,
2014-12-07,岡山文賢,
2014-12-07,大寮大發,
2014-12-07,橋頭市場,
2014-12-08,國民市場,
2014-12-08,鹽埕示範,
2014-12-08,新興第二,
2014-12-08,三民第二,
2014-12-08,左營第四,
2014-12-08,鼓山第三,
2014-12-08,楠梓市場,
2014-12-08,三民第一,
2014-12-08,苓雅市場,
2014-12-08,中華市場,
2014-12-08,旗山第一,
2014-12-08,鳳山第一,
2014-12-08,岡山文賢,
2014-12-08,大寮大發,
2014-12-08,橋頭市場,0.0
2014-12-09,國民市場,150.0
2014-12-09,鹽埕示範,150.0
2014-12-09,新興第二,133.0
2014-12-09,三民第二,150.0
2014-12-09,左營第四,133.0
2014-12-09,鼓山第三,150.0
2014-12-09,楠梓市場,150.0
2014-12-09,三民第一,150.0
2014-12-09,苓雅市場,150.0
2014-12-09,中華市場,150.0
2014-12-09,旗山第一,117.0
2014-12-09,鳳山第一,0.0
2014-12-09,岡山文賢,125.0
2014-12-09,大寮大發,136.0
2014-12-09,橋頭市場,133.0
2014-12-10,國民市場,150.0
2014-12-10,鹽埕示範,150.0
2014-12-10,新興第二,133.0
2014-12-10,三民第二,150.0
2014-12-10,左營第四,133.0
2014-12-10,鼓山第三,150.0
2014-12-10,楠梓市場,150.0
2014-12-10,三民第一,150.0
2014-12-10,苓雅市場,150.0
2014-12-10,中華市場,150.0
2014-12-10,旗山第一,117.0
2014-12-10,鳳山第一,0.0
2014-12-10,岡山文賢,125.0
2014-12-10,大寮大發,136.0
2014-12-10,橋頭市場,133.0
2014-12-11,國民市場,150.0
2014-12-11,鹽埕示範,
2014-12-11,新興第二,133.0
2014-12-11,三民第二,150.0
2014-12-11,左營第四,133.0
2014-12-11,鼓山第三,150.0
2014-12-11,楠梓市場,150.0
2014-12-11,三民第一,150.0
2014-12-11,苓雅市場,150.0
2014-12-11,中華市場,150.0
2014-12-11,旗山第一,117.0
2014-12-11,鳳山第一,0.0
2014-12-11,岡山文賢,125.0
2014-12-11,大寮大發,136.0
2014-12-11,橋頭市場,133.0
2014-12-12,國民市場,150.0
2014-12-12,鹽埕示範,150.0
2014-12-12,新興第二,133.0
2014-12-12,三民第二,150.0
2014-12-12,左營第四,133.0
2014-12-12,鼓山第三,150.0
2014-12-12,楠梓市場,150.0
2014-12-12,三民第一,150.0
2014-12-12,苓雅市場,150.0
2014-12-12,中華市場,150.0
2014-12-12,旗山第一,117.0
2014-12-12,鳳山第一,0.0
2014-12-12,岡山文賢,125.0
2014-12-12,大寮大發,136.0
2014-12-12,橋頭市場,133.0
2014-12-13,國民市場,
2014-12-13,鹽埕示範,
2014-12-13,新興第二,
2014-12-13,三民第二,
2014-12-13,左營第四,
2014-12-13,鼓山第三,
2014-12-13,楠梓市場,
2014-12-13,三民第一,
2014-12-13,苓雅市場,
2014-12-13,中華市場,
2014-12-13,旗山第一,
2014-12-13,鳳山第一,
2014-12-13,岡山文賢,
2014-12-13,大寮大發,
2014-12-13,橋頭市場,
2014-12-14,國民市場,
2014-12-14,鹽埕示範,
2014-12-14,新興第二,
2014-12-14,三民第二,
2014-12-14,左營第四,
2014-12-14,鼓山第三,
2014-12-14,楠梓市場,
2014-12-14,三民第一,
2014-12-14,苓雅市場,
2014-12-14,中華市場,
2014-12-14,旗山第一,
2014-12-14,鳳山第一,
2014-12-14,岡山文賢,
2014-12-14,大寮大發,
2014-12-14,橋頭市場,
2014-12-15,國民市場,
2014-12-15,鹽埕示範,
2014-12-15,新興第二,133.0
2014-12-15,三民第二,150.0
2014-12-15,左營第四,133.0
2014-12-15,鼓山第三,150.0
2014-12-15,楠梓市場,150.0
2014-12-15,三民第一,150.0
2014-12-15,苓雅市場,150.0
2014-12-15,中華市場,150.0
2014-12-15,旗山第一,
2014-12-15,鳳山第一,0.0
2014-12-15,岡山文賢,132.0
2014-12-15,大寮大發,136.0
2014-12-15,橋頭市場,133.0
2014-12-16,國民市場,166.0
2014-12-16,鹽埕示範,150.0
2014-12-16,新興第二,133.0
2014-12-16,三民第二,150.0
2014-12-16,左營第四,133.0
2014-12-16,鼓山第三,150.0
2014-12-16,楠梓市場,150.0
2014-12-16,三民第一,150.0
2014-12-16,苓雅市場,150.0
2014-12-16,中華市場,150.0
2014-12-16,旗山第一,117.0
2014-12-16,鳳山第一,0.0
2014-12-16,岡山文賢,132.0
2014-12-16,大寮大發,136.0
2014-12-16,橋頭市場,133.0
2014-12-17,國民市場,166.0
2014-12-17,鹽埕示範,150.0
2014-12-17,新興第二,133.0
2014-12-17,三民第二,150.0
2014-12-17,左營第四,133.0
2014-12-17,鼓山第三,150.0
2014-12-17,楠梓市場,150.0
2014-12-17,三民第一,150.0
2014-12-17,苓雅市場,150.0
2014-12-17,中華市場,150.0
2014-12-17,旗山第一,117.0
2014-12-17,鳳山第一,0.0
2014-12-17,岡山文賢,132.0
2014-12-17,大寮大發,136.0
2014-12-17,橋頭市場,133.0
2014-12-18,國民市場,166.0
2014-12-18,鹽埕示範,150.0
2014-12-18,新興第二,133.0
2014-12-18,三民第二,150.0
2014-12-18,左營第四,133.0
2014-12-18,鼓山第三,150.0
2014-12-18,楠梓市場,150.0
2014-12-18,三民第一,150.0
2014-12-18,苓雅市場,150.0
2014-12-18,中華市場,150.0
2014-12-18,旗山第一,117.0
2014-12-18,鳳山第一,0.0
2014-12-18,岡山文賢,132.0
2014-12-18,大寮大發,136.0
2014-12-18,橋頭市場,133.0
2014-12-19,國民市場,166.0
2014-12-19,鹽埕示範,150.0
2014-12-19,新興第二,133.0
2014-12-19,三民第二,
2014-12-19,左營第四,133.0
2014-12-19,鼓山第三,150.0
2014-12-19,楠梓市場,150.0
2014-12-19,三民第一,150.0
2014-12-19,苓雅市場,150.0
2014-12-19,中華市場,150.0
2014-12-19,旗山第一,117.0
2014-12-19,鳳山第一,0.0
2014-12-19,岡山文賢,132.0
2014-12-19,大寮大發,136.0
2014-12-19,橋頭市場,133.0
2014-12-20,國民市場,
2014-12-20,鹽埕示範,
2014-12-20,新興第二,
2014-12-20,三民第二,
2014-12-20,左營第四,
2014-12-20,鼓山第三,
2014-12-20,楠梓市場,
2014-12-20,三民第一,
2014-12-20,苓雅市場,
2014-12-20,中華市場,
2014-12-20,旗山第一,
2014-12-20,鳳山第一,
2014-12-20,岡山文賢,
2014-12-20,大寮大發,
2014-12-20,橋頭市場,
2014-12-21,國民市場,
2014-12-21,鹽埕示範,
2014-12-21,新興第二,
2014-12-21,三民第二,
2014-12-21,左營第四,
2014-12-21,鼓山第三,
2014-12-21,楠梓市場,
2014-12-21,三民第一,
2014-12-21,苓雅市場,
2014-12-21,中華市場,
2014-12-21,旗山第一,
2014-12-21,鳳山第一,
2014-12-21,岡山文賢,
2014-12-21,大寮大發,
2014-12-21,橋頭市場,
2014-12-22,國民市場,
2014-12-22,鹽埕示範,150.0
2014-12-22,新興第二,133.0
2014-12-22,三民第二,150.0
2014-12-22,左營第四,133.0
2014-12-22,鼓山第三,150.0
2014-12-22,楠梓市場,150.0
2014-12-22,三民第一,150.0
2014-12-22,苓雅市場,150.0
2014-12-22,中華市場,150.0
2014-12-22,旗山第一,
2014-12-22,鳳山第一,0.0
2014-12-22,岡山文賢,132.0
2014-12-22,大寮大發,136.0
2014-12-22,橋頭市場,133.0
2014-12-23,國民市場,166.0
2014-12-23,鹽埕示範,150.0
2014-12-23,新興第二,133.0
2014-12-23,三民第二,
2014-12-23,左營第四,133.0
2014-12-23,鼓山第三,150.0
2014-12-23,楠梓市場,150.0
2014-12-23,三民第一,150.0
2014-12-23,苓雅市場,150.0
2014-12-23,中華市場,150.0
2014-12-23,旗山第一,117.0
2014-12-23,鳳山第一,0.0
2014-12-23,岡山文賢,132.0
2014-12-23,大寮大發,136.0
2014-12-23,橋頭市場,133.0
2014-12-24,國民市場,166.0
2014-12-24,鹽埕示範,150.0
2014-12-24,新興第二,133.0
2014-12-24,三民第二,
2014-12-24,左營第四,133.0
2014-12-24,鼓山第三,150.0
2014-12-24,楠梓市場,150.0
2014-12-24,三民第一,150.0
2014-12-24,苓雅市場,150.0
2014-12-24,中華市場,
2014-12-24,旗山第一,117.0
2014-12-24,鳳山第一,0.0
2014-12-24,岡山文賢,132.0
2014-12-24,大寮大發,
2014-12-24,橋頭市場,133.0
2014-12-25,國民市場,166.0
2014-12-25,鹽埕示範,150.0
2014-12-25,新興第二,133.0
2014-12-25,三民第二,166.0
2014-12-25,左營第四,133.0
2014-12-25,鼓山第三,150.0
2014-12-25,楠梓市場,150.0
2014-12-25,三民第一,150.0
2014-12-25,苓雅市場,150.0
2014-12-25,中華市場,150.0
2014-12-25,旗山第一,117.0
2014-12-25,鳳山第一,0.0
2014-12-25,岡山文賢,132.0
2014-12-25,大寮大發,136.0
2014-12-25,橋頭市場,133.0
2014-12-26,國民市場,166.0
2014-12-26,鹽埕示範,150.0
2014-12-26,新興第二,133.0
2014-12-26,三民第二,166.0
2014-12-26,左營第四,133.0
2014-12-26,鼓山第三,150.0
2014-12-26,楠梓市場,150.0
2014-12-26,三民第一,150.0
2014-12-26,苓雅市場,150.0
2014-12-26,中華市場,150.0
2014-12-26,旗山第一,117.0
2014-12-26,鳳山第一,0.0
2014-12-26,岡山文賢,132.0
2014-12-26,大寮大發,136.0
2014-12-26,橋頭市場,133.0
2014-12-27,國民市場,
2014-12-27,鹽埕示範,
2014-12-27,新興第二,133.0
2014-12-27,三民第二,166.0
2014-12-27,左營第四,133.0
2014-12-27,鼓山第三,150.0
2014-12-27,楠梓市場,150.0
2014-12-27,三民第一,
2014-12-27,苓雅市場,150.0
2014-12-27,中華市場,150.0
2014-12-27,旗山第一,117.0
2014-12-27,鳳山第一,0.0
2014-12-27,岡山文賢,132.0
2014-12-27,大寮大發,136.0
2014-12-27,橋頭市場,133.0
2014-12-28,國民市場,
2014-12-28,鹽埕示範,
2014-12-28,新興第二,
2014-12-28,三民第二,
2014-12-28,左營第四,
2014-12-28,鼓山第三,
2014-12-28,楠梓市場,
2014-12-28,三民第一,
2014-12-28,苓雅市場,
2014-12-28,中華市場,
2014-12-28,旗山第一,
2014-12-28,鳳山第一,
2014-12-28,岡山文賢,
2014-12-28,大寮大發,
2014-12-28,橋頭市場,
2014-12-29,國民市場,166.0
2014-12-29,鹽埕示範,
2014-12-29,新興第二,133.0
2014-12-29,三民第二,166.0
2014-12-29,左營第四,133.0
2014-12-29,鼓山第三,150.0
2014-12-29,楠梓市場,150.0
2014-12-29,三民第一,150.0
2014-12-29,苓雅市場,150.0
2014-12-29,中華市場,150.0
2014-12-29,旗山第一,
2014-12-29,鳳山第一,0.0
2014-12-29,岡山文賢,132.0
2014-12-29,大寮大發,136.0
2014-12-29,橋頭市場,133.0
2014-12-30,國民市場,166.0
2014-12-30,鹽埕示範,
2014-12-30,新興第二,133.0
2014-12-30,三民第二,166.0
2014-12-30,左營第四,133.0
2014-12-30,鼓山第三,150.0
2014-12-30,楠梓市場,150.0
2014-12-30,三民第一,150.0
2014-12-30,苓雅市場,150.0
2014-12-30,中華市場,150.0
2014-12-30,旗山第一,117.0
2014-12-30,鳳山第一,0.0
2014-12-30,岡山文賢,132.0
2014-12-30,大寮大發,136.0
2014-12-30,橋頭市場,133.0
2014-12-31,國民市場,166.0
2014-12-31,鹽埕示範,150.0
2014-12-31,新興第二,133.0
2014-12-31,三民第二,166.0
2014-12-31,左營第四,133.0
2014-12-31,鼓山第三,150.0
2014-12-31,楠梓市場,150.0
2014-12-31,三民第一,150.0
2014-12-31,苓雅市場,
2014-12-31,中華市場,150.0
2014-12-31,旗山第一,117.0
2014-12-31,鳳山第一,0.0
2014-12-31,岡山文賢,132.0
2014-12-31,大寮大發,
2014-12-31,橋頭市場,133.0
2015-01-01,國民市場,
2015-01-01,鹽埕示範,
2015-01-01,新興第二,
2015-01-01,三民第二,
2015-01-01,左營第四,
2015-01-01,鼓山第三,
2015-01-01,楠梓市場,
2015-01-01,三民第一,
2015-01-01,苓雅市場,
2015-01-01,中華市場,
2015-01-01,旗山第一,
2015-01-01,鳳山第一,
2015-01-01,岡山文賢,
2015-01-01,大寮大發,
2015-01-01,橋頭市場,
2015-01-02,國民市場,
2015-01-02,鹽埕示範,
2015-01-02,新興第二,
2015-01-02,三民第二,
2015-01-02,左營第四,
2015-01-02,鼓山第三,
2015-01-02,楠梓市場,
2015-01-02,三民第一,
2015-01-02,苓雅市場,
2015-01-02,中華市場,
2015-01-02,旗山第一,
2015-01-02,鳳山第一,
2015-01-02,岡山文賢,
2015-01-02,大寮大發,
2015-01-02,橋頭市場,
2015-01-03,國民市場,
2015-01-03,鹽埕示範,
2015-01-03,新興第二,
2015-01-03,三民第二,
2015-01-03,左營第四,
2015-01-03,鼓山第三,
2015-01-03,楠梓市場,
2015-01-03,三民第一,
2015-01-03,苓雅市場,
2015-01-03,中華市場,
2015-01-03,旗山第一,
2015-01-03,鳳山第一,
2015-01-03,岡山文賢,
2015-01-03,大寮大發,
2015-01-03,橋頭市場,
2015-01-04,國民市場,
2015-01-04,鹽埕示範,
2015-01-04,新興第二,
2015-01-04,三民第二,
2015-01-04,左營第四,
2015-01-04,鼓山第三,
2015-01-04,楠梓市場,
2015-01-04,三民第一,
2015-01-04,苓雅市場,
2015-01-04,中華市場,
2015-01-04,旗山第一,
2015-01-04,鳳山第一,
2015-01-04,岡山文賢,
2015-01-04,大寮大發,
2015-01-04,橋頭市場,
2015-01-05,國民市場,166.0
2015-01-05,鹽埕示範,150.0
2015-01-05,新興第二,133.0
2015-01-05,三民第二,150.0
2015-01-05,左營第四,133.0
2015-01-05,鼓山第三,150.0
2015-01-05,楠梓市場,150.0
2015-01-05,三民第一,150.0
2015-01-05,苓雅市場,150.0
2015-01-05,中華市場,150.0
2015-01-05,旗山第一,
2015-01-05,鳳山第一,0.0
2015-01-05,岡山文賢,132.0
2015-01-05,大寮大發,136.0
2015-01-05,橋頭市場,133.0
2015-01-06,國民市場,166.0
2015-01-06,鹽埕示範,150.0
2015-01-06,新興第二,133.0
2015-01-06,三民第二,150.0
2015-01-06,左營第四,133.0
2015-01-06,鼓山第三,150.0
2015-01-06,楠梓市場,150.0
2015-01-06,三民第一,150.0
2015-01-06,苓雅市場,150.0
2015-01-06,中華市場,150.0
2015-01-06,旗山第一,117.0
2015-01-06,鳳山第一,0.0
2015-01-06,岡山文賢,132.0
2015-01-06,大寮大發,136.0
2015-01-06,橋頭市場,133.0
2015-01-07,國民市場,166.0
2015-01-07,鹽埕示範,150.0
2015-01-07,新興第二,
2015-01-07,三民第二,150.0
2015-01-07,左營第四,
2015-01-07,鼓山第三,
2015-01-07,楠梓市場,
2015-01-07,三民第一,
2015-01-07,苓雅市場,150.0
2015-01-07,中華市場,
2015-01-07,旗山第一,117.0
2015-01-07,鳳山第一,
2015-01-07,岡山文賢,132.0
2015-01-07,大寮大發,
2015-01-07,橋頭市場,133.0
2015-01-08,國民市場,166.0
2015-01-08,鹽埕示範,150.0
2015-01-08,新興第二,133.0
2015-01-08,三民第二,150.0
2015-01-08,左營第四,133.0
2015-01-08,鼓山第三,150.0
2015-01-08,楠梓市場,150.0
2015-01-08,三民第一,150.0
2015-01-08,苓雅市場,150.0
2015-01-08,中華市場,150.0
2015-01-08,旗山第一,120.0
2015-01-08,鳳山第一,0.0
2015-01-08,岡山文賢,132.0
2015-01-08,大寮大發,
2015-01-08,橋頭市場,133.0
2015-01-09,國民市場,166.0
2015-01-09,鹽埕示範,150.0
2015-01-09,新興第二,133.0
2015-01-09,三民第二,150.0
2015-01-09,左營第四,133.0
2015-01-09,鼓山第三,150.0
2015-01-09,楠梓市場,150.0
2015-01-09,三民第一,150.0
2015-01-09,苓雅市場,150.0
2015-01-09,中華市場,150.0
2015-01-09,旗山第一,120.0
2015-01-09,鳳山第一,0.0
2015-01-09,岡山文賢,132.0
2015-01-09,大寮大發,136.0
2015-01-09,橋頭市場,133.0
2015-01-10,國民市場,
2015-01-10,鹽埕示範,
2015-01-10,新興第二,
2015-01-10,三民第二,
2015-01-10,左營第四,
2015-01-10,鼓山第三,
2015-01-10,楠梓市場,
2015-01-10,三民第一,
2015-01-10,苓雅市場,
2015-01-10,中華市場,
2015-01-10,旗山第一,
2015-01-10,鳳山第一,
2015-01-10,岡山文賢,
2015-01-10,大寮大發,
2015-01-10,橋頭市場,
2015-01-11,國民市場,
2015-01-11,鹽埕示範,
2015-01-11,新興第二,
2015-01-11,三民第二,
2015-01-11,左營第四,
2015-01-11,鼓山第三,
2015-01-11,楠梓市場,
2015-01-11,三民第一,
2015-01-11,苓雅市場,
2015-01-11,中華市場,
2015-01-11,旗山第一,
2015-01-11,鳳山第一,
2015-01-11,岡山文賢,
2015-01-11,大寮大發,
2015-01-11,橋頭市場,
2015-01-12,國民市場,150.0
2015-01-12,鹽埕示範,150.0
2015-01-12,新興第二,133.0
2015-01-12,三民第二,166.0
2015-01-12,左營第四,133.0
2015-01-12,鼓山第三,150.0
2015-01-12,楠梓市場,150.0
2015-01-12,三民第一,150.0
2015-01-12,苓雅市場,150.0
2015-01-12,中華市場,150.0
2015-01-12,旗山第一,
2015-01-12,鳳山第一,0.0
2015-01-12,岡山文賢,132.0
2015-01-12,大寮大發,136.0
2015-01-12,橋頭市場,133.0
2015-01-13,國民市場,150.0
2015-01-13,鹽埕示範,150.0
2015-01-13,新興第二,133.0
2015-01-13,三民第二,166.0
2015-01-13,左營第四,133.0
2015-01-13,鼓山第三,150.0
2015-01-13,楠梓市場,150.0
2015-01-13,三民第一,
2015-01-13,苓雅市場,150.0
2015-01-13,中華市場,150.0
2015-01-13,旗山第一,120.0
2015-01-13,鳳山第一,0.0
2015-01-13,岡山文賢,132.0
2015-01-13,大寮大發,136.0
2015-01-13,橋頭市場,133.0
2015-01-14,國民市場,150.0
2015-01-14,鹽埕示範,150.0
2015-01-14,新興第二,133.0
2015-01-14,三民第二,166.0
2015-01-14,左營第四,133.0
2015-01-14,鼓山第三,150.0
2015-01-14,楠梓市場,150.0
2015-01-14,三民第一,150.0
2015-01-14,苓雅市場,150.0
2015-01-14,中華市場,150.0
2015-01-14,旗山第一,120.0
2015-01-14,鳳山第一,0.0
2015-01-14,岡山文賢,132.0
2015-01-14,大寮大發,136.0
2015-01-14,橋頭市場,133.0
2015-01-15,國民市場,150.0
2015-01-15,鹽埕示範,150.0
2015-01-15,新興第二,133.0
2015-01-15,三民第二,166.0
2015-01-15,左營第四,133.0
2015-01-15,鼓山第三,150.0
2015-01-15,楠梓市場,150.0
2015-01-15,三民第一,150.0
2015-01-15,苓雅市場,150.0
2015-01-15,中華市場,
2015-01-15,旗山第一,120.0
2015-01-15,鳳山第一,0.0
2015-01-15,岡山文賢,132.0
2015-01-15,大寮大發,136.0
2015-01-15,橋頭市場,133.0
2015-01-16,國民市場,150.0
2015-01-16,鹽埕示範,150.0
2015-01-16,新興第二,133.0
2015-01-16,三民第二,166.0
2015-01-16,左營第四,133.0
2015-01-16,鼓山第三,
2015-01-16,楠梓市場,150.0
2015-01-16,三民第一,150.0
2015-01-16,苓雅市場,150.0
2015-01-16,中華市場,150.0
2015-01-16,旗山第一,120.0
2015-01-16,鳳山第一,0.0
2015-01-16,岡山文賢,132.0
2015-01-16,大寮大發,136.0
2015-01-16,橋頭市場,133.0
2015-01-17,國民市場,
2015-01-17,鹽埕示範,
2015-01-17,新興第二,
2015-01-17,三民第二,
2015-01-17,左營第四,
2015-01-17,鼓山第三,
2015-01-17,楠梓市場,
2015-01-17,三民第一,
2015-01-17,苓雅市場,
2015-01-17,中華市場,
2015-01-17,旗山第一,
2015-01-17,鳳山第一,
2015-01-17,岡山文賢,
2015-01-17,大寮大發,
2015-01-17,橋頭市場,
2015-01-18,國民市場,
2015-01-18,鹽埕示範,
2015-01-18,新興第二,
2015-01-18,三民第二,
2015-01-18,左營第四,
2015-01-18,鼓山第三,
2015-01-18,楠梓市場,
2015-01-18,三民第一,
2015-01-18,苓雅市場,
2015-01-18,中華市場,
2015-01-18,旗山第一,
2015-01-18,鳳山第一,
2015-01-18,岡山文賢,
2015-01-18,大寮大發,
2015-01-18,橋頭市場,
2015-01-19,國民市場,
2015-01-19,鹽埕示範,150.0
2015-01-19,新興第二,133.0
2015-01-19,三民第二,166.0
2015-01-19,左營第四,133.0
2015-01-19,鼓山第三,150.0
2015-01-19,楠梓市場,150.0
2015-01-19,三民第一,150.0
2015-01-19,苓雅市場,150.0
2015-01-19,中華市場,150.0
2015-01-19,旗山第一,
2015-01-19,鳳山第一,0.0
2015-01-19,岡山文賢,132.0
2015-01-19,大寮大發,136.0
2015-01-19,橋頭市場,133.0
2015-01-20,國民市場,133.0
2015-01-20,鹽埕示範,150.0
2015-01-20,新興第二,133.0
2015-01-20,三民第二,
2015-01-20,左營第四,133.0
2015-01-20,鼓山第三,150.0
2015-01-20,楠梓市場,150.0
2015-01-20,三民第一,150.0
2015-01-20,苓雅市場,150.0
2015-01-20,中華市場,150.0
2015-01-20,旗山第一,120.0
2015-01-20,鳳山第一,0.0
2015-01-20,岡山文賢,132.0
2015-01-20,大寮大發,136.0
2015-01-20,橋頭市場,133.0
2015-01-21,國民市場,133.0
2015-01-21,鹽埕示範,150.0
2015-01-21,新興第二,133.0
2015-01-21,三民第二,166.0
2015-01-21,左營第四,133.0
2015-01-21,鼓山第三,150.0
2015-01-21,楠梓市場,150.0
2015-01-21,三民第一,150.0
2015-01-21,苓雅市場,150.0
2015-01-21,中華市場,150.0
2015-01-21,旗山第一,120.0
2015-01-21,鳳山第一,0.0
2015-01-21,岡山文賢,132.0
2015-01-21,大寮大發,136.0
2015-01-21,橋頭市場,133.0
2015-01-22,國民市場,133.0
2015-01-22,鹽埕示範,150.0
2015-01-22,新興第二,133.0
2015-01-22,三民第二,166.0
2015-01-22,左營第四,133.0
2015-01-22,鼓山第三,150.0
2015-01-22,楠梓市場,150.0
2015-01-22,三民第一,150.0
2015-01-22,苓雅市場,150.0
2015-01-22,中華市場,150.0
2015-01-22,旗山第一,120.0
2015-01-22,鳳山第一,0.0
2015-01-22,岡山文賢,132.0
2015-01-22,大寮大發,132.0
2015-01-22,橋頭市場,133.0
2015-01-23,國民市場,133.0
2015-01-23,鹽埕示範,150.0
2015-01-23,新興第二,133.0
2015-01-23,三民第二,166.0
2015-01-23,左營第四,133.0
2015-01-23,鼓山第三,150.0
2015-01-23,楠梓市場,150.0
2015-01-23,三民第一,150.0
2015-01-23,苓雅市場,150.0
2015-01-23,中華市場,150.0
2015-01-23,旗山第一,120.0
2015-01-23,鳳山第一,0.0
2015-01-23,岡山文賢,132.0
2015-01-23,大寮大發,132.0
2015-01-23,橋頭市場,133.0
2015-01-24,國民市場,
2015-01-24,鹽埕示範,
2015-01-24,新興第二,
2015-01-24,三民第二,
2015-01-24,左營第四,
2015-01-24,鼓山第三,
2015-01-24,楠梓市場,
2015-01-24,三民第一,
2015-01-24,苓雅市場,
2015-01-24,中華市場,
2015-01-24,旗山第一,
2015-01-24,鳳山第一,
2015-01-24,岡山文賢,
2015-01-24,大寮大發,
2015-01-24,橋頭市場,
2015-01-25,國民市場,
2015-01-25,鹽埕示範,
2015-01-25,新興第二,
2015-01-25,三民第二,
2015-01-25,左營第四,
2015-01-25,鼓山第三,
2015-01-25,楠梓市場,
2015-01-25,三民第一,
2015-01-25,苓雅市場,
2015-01-25,中華市場,
2015-01-25,旗山第一,
2015-01-25,鳳山第一,
2015-01-25,岡山文賢,
2015-01-25,大寮大發,
2015-01-25,橋頭市場,
2015-01-26,國民市場,133.0
2015-01-26,鹽埕示範,150.0
2015-01-26,新興第二,133.0
2015-01-26,三民第二,166.0
2015-01-26,左營第四,133.0
2015-01-26,鼓山第三,150.0
2015-01-26,楠梓市場,150.0
2015-01-26,三民第一,150.0
2015-01-26,苓雅市場,150.0
2015-01-26,中華市場,150.0
2015-01-26,旗山第一,
2015-01-26,鳳山第一,0.0
2015-01-26,岡山文賢,132.0
2015-01-26,大寮大發,132.0
2015-01-26,橋頭市場,133.0
2015-01-27,國民市場,150.0
2015-01-27,鹽埕示範,150.0
2015-01-27,新興第二,133.0
2015-01-27,三民第二,166.0
2015-01-27,左營第四,133.0
2015-01-27,鼓山第三,150.0
2015-01-27,楠梓市場,150.0
2015-01-27,三民第一,150.0
2015-01-27,苓雅市場,150.0
2015-01-27,中華市場,150.0
2015-01-27,旗山第一,120.0
2015-01-27,鳳山第一,0.0
2015-01-27,岡山文賢,132.0
2015-01-27,大寮大發,132.0
2015-01-27,橋頭市場,133.0
2015-01-28,國民市場,150.0
2015-01-28,鹽埕示範,150.0
2015-01-28,新興第二,133.0
2015-01-28,三民第二,166.0
2015-01-28,左營第四,133.0
2015-01-28,鼓山第三,150.0
2015-01-28,楠梓市場,150.0
2015-01-28,三民第一,150.0
2015-01-28,苓雅市場,150.0
2015-01-28,中華市場,150.0
2015-01-28,旗山第一,120.0
2015-01-28,鳳山第一,0.0
2015-01-28,岡山文賢,132.0
2015-01-28,大寮大發,128.0
2015-01-28,橋頭市場,133.0
2015-01-29,國民市場,150.0
2015-01-29,鹽埕示範,150.0
2015-01-29,新興第二,133.0
2015-01-29,三民第二,166.0
2015-01-29,左營第四,133.0
2015-01-29,鼓山第三,150.0
2015-01-29,楠梓市場,150.0
2015-01-29,三民第一,150.0
2015-01-29,苓雅市場,150.0
2015-01-29,中華市場,150.0
2015-01-29,旗山第一,120.0
2015-01-29,鳳山第一,0.0
2015-01-29,岡山文賢,132.0
2015-01-29,大寮大發,128.0
2015-01-29,橋頭市場,133.0
2015-01-30,國民市場,150.0
2015-01-30,鹽埕示範,
2015-01-30,新興第二,133.0
2015-01-30,三民第二,166.0
2015-01-30,左營第四,133.0
2015-01-30,鼓山第三,150.0
2015-01-30,楠梓市場,117.0
2015-01-30,三民第一,150.0
2015-01-30,苓雅市場,166.0
2015-01-30,中華市場,150.0
2015-01-30,旗山第一,120.0
2015-01-30,鳳山第一,0.0
2015-01-30,岡山文賢,132.0
2015-01-30,大寮大發,128.0
2015-01-30,橋頭市場,133.0
2015-01-31,國民市場,
2015-01-31,鹽埕示範,
2015-01-31,新興第二,
2015-01-31,三民第二,
2015-01-31,左營第四,
2015-01-31,鼓山第三,
2015-01-31,楠梓市場,
2015-01-31,三民第一,
2015-01-31,苓雅市場,
2015-01-31,中華市場,
2015-01-31,旗山第一,
2015-01-31,鳳山第一,
2015-01-31,岡山文賢,
2015-01-31,大寮大發,
2015-01-31,橋頭市場,
2015-02-01,國民市場,
2015-02-01,鹽埕示範,
2015-02-01,新興第二,
2015-02-01,三民第二,
2015-02-01,左營第四,
2015-02-01,鼓山第三,
2015-02-01,楠梓市場,
2015-02-01,三民第一,
2015-02-01,苓雅市場,
2015-02-01,中華市場,
2015-02-01,旗山第一,
2015-02-01,鳳山第一,
2015-02-01,岡山文賢,
2015-02-01,大寮大發,
2015-02-01,橋頭市場,
2015-02-02,國民市場,150.0
2015-02-02,鹽埕示範,150.0
2015-02-02,新興第二,133.0
2015-02-02,三民第二,150.0
2015-02-02,左營第四,133.0
2015-02-02,鼓山第三,150.0
2015-02-02,楠梓市場,150.0
2015-02-02,三民第一,
2015-02-02,苓雅市場,150.0
2015-02-02,中華市場,150.0
2015-02-02,旗山第一,
2015-02-02,鳳山第一,0.0
2015-02-02,岡山文賢,132.0
2015-02-02,大寮大發,128.0
2015-02-02,橋頭市場,133.0
2015-02-03,國民市場,150.0
2015-02-03,鹽埕示範,133.0
2015-02-03,新興第二,133.0
2015-02-03,三民第二,150.0
2015-02-03,左營第四,133.0
2015-02-03,鼓山第三,150.0
2015-02-03,楠梓市場,150.0
2015-02-03,三民第一,150.0
2015-02-03,苓雅市場,150.0
2015-02-03,中華市場,
2015-02-03,旗山第一,120.0
2015-02-03,鳳山第一,0.0
2015-02-03,岡山文賢,132.0
2015-02-03,大寮大發,132.0
2015-02-03,橋頭市場,133.0
2015-02-04,國民市場,150.0
2015-02-04,鹽埕示範,133.0
2015-02-04,新興第二,0.0
2015-02-04,三民第二,150.0
2015-02-04,左營第四,133.0
2015-02-04,鼓山第三,150.0
2015-02-04,楠梓市場,117.0
2015-02-04,三民第一,150.0
2015-02-04,苓雅市場,150.0
2015-02-04,中華市場,150.0
2015-02-04,旗山第一,120.0
2015-02-04,鳳山第一,0.0
2015-02-04,岡山文賢,132.0
2015-02-04,大寮大發,132.0
2015-02-04,橋頭市場,133.0
2015-02-05,國民市場,150.0
2015-02-05,鹽埕示範,
2015-02-05,新興第二,133.0
2015-02-05,三民第二,
2015-02-05,左營第四,
2015-02-05,鼓山第三,
2015-02-05,楠梓市場,117.0
2015-02-05,三民第一,150.0
2015-02-05,苓雅市場,150.0
2015-02-05,中華市場,
2015-02-05,旗山第一,120.0
2015-02-05,鳳山第一,
2015-02-05,岡山文賢,132.0
2015-02-05,大寮大發,
2015-02-05,橋頭市場,133.0
2015-02-06,國民市場,150.0
2015-02-06,鹽埕示範,133.0
2015-02-06,新興第二,133.0
2015-02-06,三民第二,150.0
2015-02-06,左營第四,133.0
2015-02-06,鼓山第三,150.0
2015-02-06,楠梓市場,117.0
2015-02-06,三民第一,150.0
2015-02-06,苓雅市場,150.0
2015-02-06,中華市場,
2015-02-06,旗山第一,120.0
2015-02-06,鳳山第一,0.0
2015-02-06,岡山文賢,132.0
2015-02-06,大寮大發,132.0
2015-02-06,橋頭市場,133.0
2015-02-07,國民市場,
2015-02-07,鹽埕示範,
2015-02-07,新興第二,
2015-02-07,三民第二,
2015-02-07,左營第四,
2015-02-07,鼓山第三,
2015-02-07,楠梓市場,
2015-02-07,三民第一,
2015-02-07,苓雅市場,
2015-02-07,中華市場,
2015-02-07,旗山第一,
2015-02-07,鳳山第一,
2015-02-07,岡山文賢,
2015-02-07,大寮大發,
2015-02-07,橋頭市場,
2015-02-08,國民市場,
2015-02-08,鹽埕示範,
2015-02-08,新興第二,
2015-02-08,三民第二,
2015-02-08,左營第四,
2015-02-08,鼓山第三,
2015-02-08,楠梓市場,
2015-02-08,三民第一,
2015-02-08,苓雅市場,
2015-02-08,中華市場,
2015-02-08,旗山第一,
2015-02-08,鳳山第一,
2015-02-08,岡山文賢,
2015-02-08,大寮大發,
2015-02-08,橋頭市場,
2015-02-09,國民市場,150.0
2015-02-09,鹽埕示範,133.0
2015-02-09,新興第二,133.0
2015-02-09,三民第二,150.0
2015-02-09,左營第四,133.0
2015-02-09,鼓山第三,150.0
2015-02-09,楠梓市場,117.0
2015-02-09,三民第一,150.0
2015-02-09,苓雅市場,150.0
2015-02-09,中華市場,150.0
2015-02-09,旗山第一,
2015-02-09,鳳山第一,0.0
2015-02-09,岡山文賢,132.0
2015-02-09,大寮大發,136.0
2015-02-09,橋頭市場,133.0
2015-02-10,國民市場,150.0
2015-02-10,鹽埕示範,133.0
2015-02-10,新興第二,133.0
2015-02-10,三民第二,150.0
2015-02-10,左營第四,133.0
2015-02-10,鼓山第三,150.0
2015-02-10,楠梓市場,117.0
2015-02-10,三民第一,200.0
2015-02-10,苓雅市場,150.0
2015-02-10,中華市場,150.0
2015-02-10,旗山第一,125.0
2015-02-10,鳳山第一,0.0
2015-02-10,岡山文賢,132.0
2015-02-10,大寮大發,136.0
2015-02-10,橋頭市場,133.0
2015-02-11,國民市場,150.0
2015-02-11,鹽埕示範,133.0
2015-02-11,新興第二,133.0
2015-02-11,三民第二,150.0
2015-02-11,左營第四,133.0
2015-02-11,鼓山第三,150.0
2015-02-11,楠梓市場,117.0
2015-02-11,三民第一,200.0
2015-02-11,苓雅市場,150.0
2015-02-11,中華市場,150.0
2015-02-11,旗山第一,125.0
2015-02-11,鳳山第一,0.0
2015-02-11,岡山文賢,132.0
2015-02-11,大寮大發,136.0
2015-02-11,橋頭市場,133.0
2015-02-12,國民市場,150.0
2015-02-12,鹽埕示範,133.0
2015-02-12,新興第二,133.0
2015-02-12,三民第二,150.0
2015-02-12,左營第四,133.0
2015-02-12,鼓山第三,150.0
2015-02-12,楠梓市場,117.0
2015-02-12,三民第一,200.0
2015-02-12,苓雅市場,150.0
2015-02-12,中華市場,150.0
2015-02-12,旗山第一,125.0
2015-02-12,鳳山第一,0.0
2015-02-12,岡山文賢,132.0
2015-02-12,大寮大發,136.0
2015-02-12,橋頭市場,133.0
2015-02-13,國民市場,150.0
2015-02-13,鹽埕示範,133.0
2015-02-13,新興第二,133.0
2015-02-13,三民第二,
2015-02-13,左營第四,133.0
2015-02-13,鼓山第三,150.0
2015-02-13,楠梓市場,117.0
2015-02-13,三民第一,200.0
2015-02-13,苓雅市場,150.0
2015-02-13,中華市場,150.0
2015-02-13,旗山第一,125.0
2015-02-13,鳳山第一,0.0
2015-02-13,岡山文賢,132.0
2015-02-13,大寮大發,136.0
2015-02-13,橋頭市場,133.0
2015-02-14,國民市場,
2015-02-14,鹽埕示範,
2015-02-14,新興第二,
2015-02-14,三民第二,
2015-02-14,左營第四,
2015-02-14,鼓山第三,
2015-02-14,楠梓市場,
2015-02-14,三民第一,
2015-02-14,苓雅市場,
2015-02-14,中華市場,
2015-02-14,旗山第一,
2015-02-14,鳳山第一,
2015-02-14,岡山文賢,
2015-02-14,大寮大發,
2015-02-14,橋頭市場,
2015-02-15,國民市場,
2015-02-15,鹽埕示範,
2015-02-15,新興第二,
2015-02-15,三民第二,
2015-02-15,左營第四,
2015-02-15,鼓山第三,
2015-02-15,楠梓市場,
2015-02-15,三民第一,
2015-02-15,苓雅市場,
2015-02-15,中華市場,
2015-02-15,旗山第一,
2015-02-15,鳳山第一,
2015-02-15,岡山文賢,
2015-02-15,大寮大發,
2015-02-15,橋頭市場,
2015-02-16,國民市場,150.0
2015-02-16,鹽埕示範,133.0
2015-02-16,新興第二,133.0
2015-02-16,三民第二,150.0
2015-02-16,左營第四,133.0
2015-02-16,鼓山第三,150.0
2015-02-16,楠梓市場,117.0
2015-02-16,三民第一,200.0
2015-02-16,苓雅市場,150.0
2015-02-16,中華市場,150.0
2015-02-16,旗山第一,
2015-02-16,鳳山第一,0.0
2015-02-16,岡山文賢,132.0
2015-02-16,大寮大發,136.0
2015-02-16,橋頭市場,133.0
2015-02-17,國民市場,150.0
2015-02-17,鹽埕示範,133.0
2015-02-17,新興第二,133.0
2015-02-17,三民第二,
2015-02-17,左營第四,133.0
2015-02-17,鼓山第三,150.0
2015-02-17,楠梓市場,117.0
2015-02-17,三民第一,200.0
2015-02-17,苓雅市場,150.0
2015-02-17,中華市場,150.0
2015-02-17,旗山第一,125.0
2015-02-17,鳳山第一,0.0
2015-02-17,岡山文賢,132.0
2015-02-17,大寮大發,136.0
2015-02-17,橋頭市場,133.0
2015-02-18,國民市場,
2015-02-18,鹽埕示範,
2015-02-18,新興第二,
2015-02-18,三民第二,
2015-02-18,左營第四,
2015-02-18,鼓山第三,
2015-02-18,楠梓市場,
2015-02-18,三民第一,
2015-02-18,苓雅市場,
2015-02-18,中華市場,
2015-02-18,旗山第一,
2015-02-18,鳳山第一,
2015-02-18,岡山文賢,
2015-02-18,大寮大發,
2015-02-18,橋頭市場,
2015-02-19,國民市場,
2015-02-19,鹽埕示範,
2015-02-19,新興第二,
2015-02-19,三民第二,
2015-02-19,左營第四,
2015-02-19,鼓山第三,
2015-02-19,楠梓市場,
2015-02-19,三民第一,
2015-02-19,苓雅市場,
2015-02-19,中華市場,
2015-02-19,旗山第一,
2015-02-19,鳳山第一,
2015-02-19,岡山文賢,
2015-02-19,大寮大發,
2015-02-19,橋頭市場,
2015-02-20,國民市場,
2015-02-20,鹽埕示範,
2015-02-20,新興第二,
2015-02-20,三民第二,
2015-02-20,左營第四,
2015-02-20,鼓山第三,
2015-02-20,楠梓市場,
2015-02-20,三民第一,
2015-02-20,苓雅市場,
2015-02-20,中華市場,
2015-02-20,旗山第一,
2015-02-20,鳳山第一,
2015-02-20,岡山文賢,
2015-02-20,大寮大發,
2015-02-20,橋頭市場,
2015-02-21,國民市場,
2015-02-21,鹽埕示範,
2015-02-21,新興第二,
2015-02-21,三民第二,
2015-02-21,左營第四,
2015-02-21,鼓山第三,
2015-02-21,楠梓市場,
2015-02-21,三民第一,
2015-02-21,苓雅市場,
2015-02-21,中華市場,
2015-02-21,旗山第一,
2015-02-21,鳳山第一,
2015-02-21,岡山文賢,
2015-02-21,大寮大發,
2015-02-21,橋頭市場,
2015-02-22,國民市場,
2015-02-22,鹽埕示範,
2015-02-22,新興第二,
2015-02-22,三民第二,
2015-02-22,左營第四,
2015-02-22,鼓山第三,
2015-02-22,楠梓市場,
2015-02-22,三民第一,
2015-02-22,苓雅市場,
2015-02-22,中華市場,
2015-02-22,旗山第一,
2015-02-22,鳳山第一,
2015-02-22,岡山文賢,
2015-02-22,大寮大發,
2015-02-22,橋頭市場,
2015-02-23,國民市場,
2015-02-23,鹽埕示範,
2015-02-23,新興第二,
2015-02-23,三民第二,
2015-02-23,左營第四,
2015-02-23,鼓山第三,
2015-02-23,楠梓市場,
2015-02-23,三民第一,
2015-02-23,苓雅市場,
2015-02-23,中華市場,
2015-02-23,旗山第一,
2015-02-23,鳳山第一,
2015-02-23,岡山文賢,
2015-02-23,大寮大發,
2015-02-23,橋頭市場,
2015-02-24,國民市場,
2015-02-24,鹽埕示範,133.0
2015-02-24,新興第二,133.0
2015-02-24,三民第二,166.0
2015-02-24,左營第四,133.0
2015-02-24,鼓山第三,150.0
2015-02-24,楠梓市場,117.0
2015-02-24,三民第一,
2015-02-24,苓雅市場,150.0
2015-02-24,中華市場,150.0
2015-02-24,旗山第一,112.0
2015-02-24,鳳山第一,0.0
2015-02-24,岡山文賢,148.0
2015-02-24,大寮大發,136.0
2015-02-24,橋頭市場,
2015-02-25,國民市場,150.0
2015-02-25,鹽埕示範,150.0
2015-02-25,新興第二,133.0
2015-02-25,三民第二,166.0
2015-02-25,左營第四,133.0
2015-02-25,鼓山第三,150.0
2015-02-25,楠梓市場,117.0
2015-02-25,三民第一,200.0
2015-02-25,苓雅市場,150.0
2015-02-25,中華市場,150.0
2015-02-25,旗山第一,112.0
2015-02-25,鳳山第一,0.0
2015-02-25,岡山文賢,148.0
2015-02-25,大寮大發,136.0
2015-02-25,橋頭市場,150.0
2015-02-26,國民市場,150.0
2015-02-26,鹽埕示範,150.0
2015-02-26,新興第二,133.0
2015-02-26,三民第二,166.0
2015-02-26,左營第四,133.0
2015-02-26,鼓山第三,150.0
2015-02-26,楠梓市場,117.0
2015-02-26,三民第一,200.0
2015-02-26,苓雅市場,150.0
2015-02-26,中華市場,150.0
2015-02-26,旗山第一,112.0
2015-02-26,鳳山第一,0.0
2015-02-26,岡山文賢,148.0
2015-02-26,大寮大發,136.0
2015-02-26,橋頭市場,150.0
2015-02-27,國民市場,
2015-02-27,鹽埕示範,
2015-02-27,新興第二,
2015-02-27,三民第二,
2015-02-27,左營第四,
2015-02-27,鼓山第三,
2015-02-27,楠梓市場,
2015-02-27,三民第一,
2015-02-27,苓雅市場,
2015-02-27,中華市場,
2015-02-27,旗山第一,
2015-02-27,鳳山第一,
2015-02-27,岡山文賢,
2015-02-27,大寮大發,
2015-02-27,橋頭市場,
2015-02-28,國民市場,
2015-02-28,鹽埕示範,
2015-02-28,新興第二,
2015-02-28,三民第二,
2015-02-28,左營第四,
2015-02-28,鼓山第三,
2015-02-28,楠梓市場,
2015-02-28,三民第一,
2015-02-28,苓雅市場,
2015-02-28,中華市場,
2015-02-28,旗山第一,
2015-02-28,鳳山第一,
2015-02-28,岡山文賢,
2015-02-28,大寮大發,
2015-02-28,橋頭市場,
2015-03-01,國民市場,
2015-03-01,鹽埕示範,
2015-03-01,新興第二,
2015-03-01,三民第二,
2015-03-01,左營第四,
2015-03-01,鼓山第三,
2015-03-01,楠梓市場,
2015-03-01,三民第一,
2015-03-01,苓雅市場,
2015-03-01,中華市場,
2015-03-01,旗山第一,
2015-03-01,鳳山第一,
2015-03-01,岡山文賢,
2015-03-01,大寮大發,
2015-03-01,橋頭市場,
2015-03-02,國民市場,150.0
2015-03-02,鹽埕示範,150.0
2015-03-02,新興第二,133.0
2015-03-02,三民第二,166.0
2015-03-02,左營第四,133.0
2015-03-02,鼓山第三,150.0
2015-03-02,楠梓市場,117.0
2015-03-02,三民第一,200.0
2015-03-02,苓雅市場,150.0
2015-03-02,中華市場,150.0
2015-03-02,旗山第一,
2015-03-02,鳳山第一,0.0
2015-03-02,岡山文賢,132.0
2015-03-02,大寮大發,136.0
2015-03-02,橋頭市場,133.0
2015-03-03,國民市場,150.0
2015-03-03,鹽埕示範,150.0
2015-03-03,新興第二,133.0
2015-03-03,三民第二,166.0
2015-03-03,左營第四,133.0
2015-03-03,鼓山第三,150.0
2015-03-03,楠梓市場,117.0
2015-03-03,三民第一,200.0
2015-03-03,苓雅市場,150.0
2015-03-03,中華市場,150.0
2015-03-03,旗山第一,0.0
2015-03-03,鳳山第一,0.0
2015-03-03,岡山文賢,132.0
2015-03-03,大寮大發,136.0
2015-03-03,橋頭市場,133.0
2015-03-04,國民市場,150.0
2015-03-04,鹽埕示範,
2015-03-04,新興第二,133.0
2015-03-04,三民第二,166.0
2015-03-04,左營第四,133.0
2015-03-04,鼓山第三,150.0
2015-03-04,楠梓市場,117.0
2015-03-04,三民第一,200.0
2015-03-04,苓雅市場,150.0
2015-03-04,中華市場,150.0
2015-03-04,旗山第一,0.0
2015-03-04,鳳山第一,0.0
2015-03-04,岡山文賢,132.0
2015-03-04,大寮大發,136.0
2015-03-04,橋頭市場,133.0
2015-03-05,國民市場,150.0
2015-03-05,鹽埕示範,
2015-03-05,新興第二,133.0
2015-03-05,三民第二,166.0
2015-03-05,左營第四,133.0
2015-03-05,鼓山第三,150.0
2015-03-05,楠梓市場,117.0
2015-03-05,三民第一,
2015-03-05,苓雅市場,150.0
2015-03-05,中華市場,150.0
2015-03-05,旗山第一,112.0
2015-03-05,鳳山第一,0.0
2015-03-05,岡山文賢,132.0
2015-03-05,大寮大發,132.0
2015-03-05,橋頭市場,133.0
2015-03-06,國民市場,150.0
2015-03-06,鹽埕示範,150.0
2015-03-06,新興第二,133.0
2015-03-06,三民第二,166.0
2015-03-06,左營第四,133.0
2015-03-06,鼓山第三,150.0
2015-03-06,楠梓市場,117.0
2015-03-06,三民第一,200.0
2015-03-06,苓雅市場,150.0
2015-03-06,中華市場,
2015-03-06,旗山第一,112.0
2015-03-06,鳳山第一,0.0
2015-03-06,岡山文賢,132.0
2015-03-06,大寮大發,132.0
2015-03-06,橋頭市場,133.0
2015-03-07,國民市場,
2015-03-07,鹽埕示範,
2015-03-07,新興第二,
2015-03-07,三民第二,
2015-03-07,左營第四,
2015-03-07,鼓山第三,
2015-03-07,楠梓市場,
2015-03-07,三民第一,
2015-03-07,苓雅市場,
2015-03-07,中華市場,
2015-03-07,旗山第一,
2015-03-07,鳳山第一,
2015-03-07,岡山文賢,
2015-03-07,大寮大發,
2015-03-07,橋頭市場,
2015-03-08,國民市場,
2015-03-08,鹽埕示範,
2015-03-08,新興第二,
2015-03-08,三民第二,
2015-03-08,左營第四,
2015-03-08,鼓山第三,
2015-03-08,楠梓市場,
2015-03-08,三民第一,
2015-03-08,苓雅市場,
2015-03-08,中華市場,
2015-03-08,旗山第一,
2015-03-08,鳳山第一,
2015-03-08,岡山文賢,
2015-03-08,大寮大發,
2015-03-08,橋頭市場,
2015-03-09,國民市場,150.0
2015-03-09,鹽埕示範,150.0
2015-03-09,新興第二,133.0
2015-03-09,三民第二,150.0
2015-03-09,左營第四,133.0
2015-03-09,鼓山第三,150.0
2015-03-09,楠梓市場,117.0
2015-03-09,三民第一,200.0
2015-03-09,苓雅市場,150.0
2015-03-09,中華市場,150.0
2015-03-09,旗山第一,
2015-03-09,鳳山第一,0.0
2015-03-09,岡山文賢,148.0
2015-03-09,大寮大發,132.0
2015-03-09,橋頭市場,133.0
2015-03-10,國民市場,150.0
2015-03-10,鹽埕示範,150.0
2015-03-10,新興第二,133.0
2015-03-10,三民第二,150.0
2015-03-10,左營第四,133.0
2015-03-10,鼓山第三,150.0
2015-03-10,楠梓市場,117.0
2015-03-10,三民第一,200.0
2015-03-10,苓雅市場,150.0
2015-03-10,中華市場,150.0
2015-03-10,旗山第一,112.0
2015-03-10,鳳山第一,0.0
2015-03-10,岡山文賢,148.0
2015-03-10,大寮大發,132.0
2015-03-10,橋頭市場,133.0
2015-03-11,國民市場,150.0
2015-03-11,鹽埕示範,150.0
2015-03-11,新興第二,133.0
2015-03-11,三民第二,150.0
2015-03-11,左營第四,133.0
2015-03-11,鼓山第三,150.0
2015-03-11,楠梓市場,117.0
2015-03-11,三民第一,200.0
2015-03-11,苓雅市場,150.0
2015-03-11,中華市場,150.0
2015-03-11,旗山第一,112.0
2015-03-11,鳳山第一,0.0
2015-03-11,岡山文賢,148.0
2015-03-11,大寮大發,132.0
2015-03-11,橋頭市場,133.0
2015-03-12,國民市場,150.0
2015-03-12,鹽埕示範,150.0
2015-03-12,新興第二,133.0
2015-03-12,三民第二,150.0
2015-03-12,左營第四,133.0
2015-03-12,鼓山第三,150.0
2015-03-12,楠梓市場,117.0
2015-03-12,三民第一,200.0
2015-03-12,苓雅市場,150.0
2015-03-12,中華市場,150.0
2015-03-12,旗山第一,112.0
2015-03-12,鳳山第一,0.0
2015-03-12,岡山文賢,148.0
2015-03-12,大寮大發,132.0
2015-03-12,橋頭市場,133.0
2015-03-13,國民市場,150.0
2015-03-13,鹽埕示範,150.0
2015-03-13,新興第二,133.0
2015-03-13,三民第二,150.0
2015-03-13,左營第四,133.0
2015-03-13,鼓山第三,150.0
2015-03-13,楠梓市場,117.0
2015-03-13,三民第一,200.0
2015-03-13,苓雅市場,150.0
2015-03-13,中華市場,150.0
2015-03-13,旗山第一,112.0
2015-03-13,鳳山第一,0.0
2015-03-13,岡山文賢,148.0
2015-03-13,大寮大發,132.0
2015-03-13,橋頭市場,133.0
2015-03-14,國民市場,
2015-03-14,鹽埕示範,
2015-03-14,新興第二,
2015-03-14,三民第二,
2015-03-14,左營第四,
2015-03-14,鼓山第三,
2015-03-14,楠梓市場,
2015-03-14,三民第一,
2015-03-14,苓雅市場,
2015-03-14,中華市場,
2015-03-14,旗山第一,
2015-03-14,鳳山第一,
2015-03-14,岡山文賢,
2015-03-14,大寮大發,
2015-03-14,橋頭市場,
2015-03-15,國民市場,
2015-03-15,鹽埕示範,
2015-03-15,新興第二,
2015-03-15,三民第二,
2015-03-15,左營第四,
2015-03-15,鼓山第三,
2015-03-15,楠梓市場,
2015-03-15,三民第一,
2015-03-15,苓雅市場,
2015-03-15,中華市場,
2015-03-15,旗山第一,
2015-03-15,鳳山第一,
2015-03-15,岡山文賢,
2015-03-15,大寮大發,
2015-03-15,橋頭市場,
2015-03-16,國民市場,150.0
2015-03-16,鹽埕示範,150.0
2015-03-16,新興第二,133.0
2015-03-16,三民第二,150.0
2015-03-16,左營第四,133.0
2015-03-16,鼓山第三,150.0
2015-03-16,楠梓市場,133.0
2015-03-16,三民第一,0.0
2015-03-16,苓雅市場,150.0
2015-03-16,中華市場,150.0
2015-03-16,旗山第一,
2015-03-16,鳳山第一,0.0
2015-03-16,岡山文賢,148.0
2015-03-16,大寮大發,132.0
2015-03-16,橋頭市場,133.0
2015-03-17,國民市場,166.0
2015-03-17,鹽埕示範,150.0
2015-03-17,新興第二,133.0
2015-03-17,三民第二,150.0
2015-03-17,左營第四,133.0
2015-03-17,鼓山第三,150.0
2015-03-17,楠梓市場,133.0
2015-03-17,三民第一,200.0
2015-03-17,苓雅市場,150.0
2015-03-17,中華市場,150.0
2015-03-17,旗山第一,112.0
2015-03-17,鳳山第一,0.0
2015-03-17,岡山文賢,148.0
2015-03-17,大寮大發,128.0
2015-03-17,橋頭市場,133.0
2015-03-18,國民市場,166.0
2015-03-18,鹽埕示範,150.0
2015-03-18,新興第二,133.0
2015-03-18,三民第二,
2015-03-18,左營第四,133.0
2015-03-18,鼓山第三,150.0
2015-03-18,楠梓市場,133.0
2015-03-18,三民第一,200.0
2015-03-18,苓雅市場,150.0
2015-03-18,中華市場,150.0
2015-03-18,旗山第一,112.0
2015-03-18,鳳山第一,0.0
2015-03-18,岡山文賢,148.0
2015-03-18,大寮大發,128.0
2015-03-18,橋頭市場,133.0
2015-03-19,國民市場,166.0
2015-03-19,鹽埕示範,150.0
2015-03-19,新興第二,133.0
2015-03-19,三民第二,150.0
2015-03-19,左營第四,133.0
2015-03-19,鼓山第三,150.0
2015-03-19,楠梓市場,133.0
2015-03-19,三民第一,200.0
2015-03-19,苓雅市場,150.0
2015-03-19,中華市場,150.0
2015-03-19,旗山第一,112.0
2015-03-19,鳳山第一,0.0
2015-03-19,岡山文賢,148.0
2015-03-19,大寮大發,128.0
2015-03-19,橋頭市場,133.0
2015-03-20,國民市場,166.0
2015-03-20,鹽埕示範,150.0
2015-03-20,新興第二,133.0
2015-03-20,三民第二,150.0
2015-03-20,左營第四,133.0
2015-03-20,鼓山第三,150.0
2015-03-20,楠梓市場,133.0
2015-03-20,三民第一,200.0
2015-03-20,苓雅市場,150.0
2015-03-20,中華市場,150.0
2015-03-20,旗山第一,112.0
2015-03-20,鳳山第一,0.0
2015-03-20,岡山文賢,148.0
2015-03-20,大寮大發,128.0
2015-03-20,橋頭市場,133.0
2015-03-21,國民市場,
2015-03-21,鹽埕示範,
2015-03-21,新興第二,
2015-03-21,三民第二,
2015-03-21,左營第四,
2015-03-21,鼓山第三,
2015-03-21,楠梓市場,
2015-03-21,三民第一,
2015-03-21,苓雅市場,
2015-03-21,中華市場,
2015-03-21,旗山第一,
2015-03-21,鳳山第一,
2015-03-21,岡山文賢,
2015-03-21,大寮大發,
2015-03-21,橋頭市場,
2015-03-22,國民市場,
2015-03-22,鹽埕示範,
2015-03-22,新興第二,
2015-03-22,三民第二,
2015-03-22,左營第四,
2015-03-22,鼓山第三,
2015-03-22,楠梓市場,
2015-03-22,三民第一,
2015-03-22,苓雅市場,
2015-03-22,中華市場,
2015-03-22,旗山第一,
2015-03-22,鳳山第一,
2015-03-22,岡山文賢,
2015-03-22,大寮大發,
2015-03-22,橋頭市場,
2015-03-23,國民市場,
2015-03-23,鹽埕示範,150.0
2015-03-23,新興第二,133.0
2015-03-23,三民第二,150.0
2015-03-23,左營第四,133.0
2015-03-23,鼓山第三,150.0
2015-03-23,楠梓市場,133.0
2015-03-23,三民第一,200.0
2015-03-23,苓雅市場,150.0
2015-03-23,中華市場,150.0
2015-03-23,旗山第一,
2015-03-23,鳳山第一,0.0
2015-03-23,岡山文賢,148.0
2015-03-23,大寮大發,128.0
2015-03-23,橋頭市場,133.0
2015-03-24,國民市場,150.0
2015-03-24,鹽埕示範,150.0
2015-03-24,新興第二,133.0
2015-03-24,三民第二,150.0
2015-03-24,左營第四,133.0
2015-03-24,鼓山第三,150.0
2015-03-24,楠梓市場,133.0
2015-03-24,三民第一,200.0
2015-03-24,苓雅市場,133.0
2015-03-24,中華市場,150.0
2015-03-24,旗山第一,112.0
2015-03-24,鳳山第一,0.0
2015-03-24,岡山文賢,148.0
2015-03-24,大寮大發,132.0
2015-03-24,橋頭市場,133.0
2015-03-25,國民市場,150.0
2015-03-25,鹽埕示範,150.0
2015-03-25,新興第二,133.0
2015-03-25,三民第二,150.0
2015-03-25,左營第四,133.0
2015-03-25,鼓山第三,150.0
2015-03-25,楠梓市場,133.0
2015-03-25,三民第一,200.0
2015-03-25,苓雅市場,133.0
2015-03-25,中華市場,150.0
2015-03-25,旗山第一,112.0
2015-03-25,鳳山第一,0.0
2015-03-25,岡山文賢,148.0
2015-03-25,大寮大發,132.0
2015-03-25,橋頭市場,133.0
2015-03-26,國民市場,150.0
2015-03-26,鹽埕示範,150.0
2015-03-26,新興第二,133.0
2015-03-26,三民第二,150.0
2015-03-26,左營第四,133.0
2015-03-26,鼓山第三,150.0
2015-03-26,楠梓市場,133.0
2015-03-26,三民第一,200.0
2015-03-26,苓雅市場,150.0
2015-03-26,中華市場,150.0
2015-03-26,旗山第一,112.0
2015-03-26,鳳山第一,0.0
2015-03-26,岡山文賢,148.0
2015-03-26,大寮大發,132.0
2015-03-26,橋頭市場,133.0
2015-03-27,國民市場,150.0
2015-03-27,鹽埕示範,150.0
2015-03-27,新興第二,133.0
2015-03-27,三民第二,150.0
2015-03-27,左營第四,133.0
2015-03-27,鼓山第三,150.0
2015-03-27,楠梓市場,133.0
2015-03-27,三民第一,200.0
2015-03-27,苓雅市場,150.0
2015-03-27,中華市場,150.0
2015-03-27,旗山第一,130.0
2015-03-27,鳳山第一,0.0
2015-03-27,岡山文賢,148.0
2015-03-27,大寮大發,0.0
2015-03-27,橋頭市場,133.0
2015-03-28,國民市場,
2015-03-28,鹽埕示範,
2015-03-28,新興第二,
2015-03-28,三民第二,
2015-03-28,左營第四,
2015-03-28,鼓山第三,
2015-03-28,楠梓市場,
2015-03-28,三民第一,
2015-03-28,苓雅市場,
2015-03-28,中華市場,
2015-03-28,旗山第一,
2015-03-28,鳳山第一,
2015-03-28,岡山文賢,
2015-03-28,大寮大發,
2015-03-28,橋頭市場,
2015-03-29,國民市場,
2015-03-29,鹽埕示範,
2015-03-29,新興第二,
2015-03-29,三民第二,
2015-03-29,左營第四,
2015-03-29,鼓山第三,
2015-03-29,楠梓市場,
2015-03-29,三民第一,
2015-03-29,苓雅市場,
2015-03-29,中華市場,
2015-03-29,旗山第一,
2015-03-29,鳳山第一,
2015-03-29,岡山文賢,
2015-03-29,大寮大發,
2015-03-29,橋頭市場,
2015-03-30,國民市場,
2015-03-30,鹽埕示範,
2015-03-30,新興第二,133.0
2015-03-30,三民第二,150.0
2015-03-30,左營第四,133.0
2015-03-30,鼓山第三,150.0
2015-03-30,楠梓市場,133.0
2015-03-30,三民第一,200.0
2015-03-30,苓雅市場,150.0
2015-03-30,中華市場,150.0
2015-03-30,旗山第一,
2015-03-30,鳳山第一,0.0
2015-03-30,岡山文賢,148.0
2015-03-30,大寮大發,0.0
2015-03-30,橋頭市場,133.0
2015-03-31,國民市場,150.0
2015-03-31,鹽埕示範,150.0
2015-03-31,新興第二,
2015-03-31,三民第二,150.0
2015-03-31,左營第四,133.0
2015-03-31,鼓山第三,150.0
2015-03-31,楠梓市場,133.0
2015-03-31,三民第一,200.0
2015-03-31,苓雅市場,150.0
2015-03-31,中華市場,150.0
2015-03-31,旗山第一,130.0
2015-03-31,鳳山第一,0.0
2015-03-31,岡山文賢,148.0
2015-03-31,大寮大發,0.0
2015-03-31,橋頭市場,133.0
2015-04-01,國民市場,150.0
2015-04-01,鹽埕示範,150.0
2015-04-01,新興第二,133.0
2015-04-01,三民第二,150.0
2015-04-01,左營第四,133.0
2015-04-01,鼓山第三,150.0
2015-04-01,楠梓市場,150.0
2015-04-01,三民第一,200.0
2015-04-01,苓雅市場,150.0
2015-04-01,中華市場,150.0
2015-04-01,旗山第一,130.0
2015-04-01,鳳山第一,0.0
2015-04-01,岡山文賢,148.0
2015-04-01,大寮大發,0.0
2015-04-01,橋頭市場,133.0
2015-04-02,國民市場,
2015-04-02,鹽埕示範,150.0
2015-04-02,新興第二,
2015-04-02,三民第二,150.0
2015-04-02,左營第四,133.0
2015-04-02,鼓山第三,150.0
2015-04-02,楠梓市場,150.0
2015-04-02,三民第一,200.0
2015-04-02,苓雅市場,150.0
2015-04-02,中華市場,150.0
2015-04-02,旗山第一,130.0
2015-04-02,鳳山第一,0.0
2015-04-02,岡山文賢,148.0
2015-04-02,大寮大發,0.0
2015-04-02,橋頭市場,133.0
2015-04-03,國民市場,
2015-04-03,鹽埕示範,
2015-04-03,新興第二,
2015-04-03,三民第二,
2015-04-03,左營第四,
2015-04-03,鼓山第三,
2015-04-03,楠梓市場,
2015-04-03,三民第一,
2015-04-03,苓雅市場,
2015-04-03,中華市場,
2015-04-03,旗山第一,
2015-04-03,鳳山第一,
2015-04-03,岡山文賢,
2015-04-03,大寮大發,
2015-04-03,橋頭市場,
2015-04-04,國民市場,
2015-04-04,鹽埕示範,
2015-04-04,新興第二,
2015-04-04,三民第二,
2015-04-04,左營第四,
2015-04-04,鼓山第三,
2015-04-04,楠梓市場,
2015-04-04,三民第一,
2015-04-04,苓雅市場,
2015-04-04,中華市場,
2015-04-04,旗山第一,
2015-04-04,鳳山第一,
2015-04-04,岡山文賢,
2015-04-04,大寮大發,
2015-04-04,橋頭市場,
2015-04-05,國民市場,
2015-04-05,鹽埕示範,
2015-04-05,新興第二,
2015-04-05,三民第二,
2015-04-05,左營第四,
2015-04-05,鼓山第三,
2015-04-05,楠梓市場,
2015-04-05,三民第一,
2015-04-05,苓雅市場,
2015-04-05,中華市場,
2015-04-05,旗山第一,
2015-04-05,鳳山第一,
2015-04-05,岡山文賢,
2015-04-05,大寮大發,
2015-04-05,橋頭市場,
2015-04-06,國民市場,
2015-04-06,鹽埕示範,
2015-04-06,新興第二,
2015-04-06,三民第二,
2015-04-06,左營第四,
2015-04-06,鼓山第三,
2015-04-06,楠梓市場,
2015-04-06,三民第一,
2015-04-06,苓雅市場,
2015-04-06,中華市場,
2015-04-06,旗山第一,
2015-04-06,鳳山第一,
2015-04-06,岡山文賢,
2015-04-06,大寮大發,
2015-04-06,橋頭市場,
2015-04-07,國民市場,0.0
2015-04-07,鹽埕示範,150.0
2015-04-07,新興第二,133.0
2015-04-07,三民第二,150.0
2015-04-07,左營第四,133.0
2015-04-07,鼓山第三,150.0
2015-04-07,楠梓市場,150.0
2015-04-07,三民第一,130.0
2015-04-07,苓雅市場,150.0
2015-04-07,中華市場,
2015-04-07,旗山第一,130.0
2015-04-07,鳳山第一,0.0
2015-04-07,岡山文賢,148.0
2015-04-07,大寮大發,0.0
2015-04-07,橋頭市場,133.0
2015-04-08,國民市場,0.0
2015-04-08,鹽埕示範,150.0
2015-04-08,新興第二,133.0
2015-04-08,三民第二,150.0
2015-04-08,左營第四,133.0
2015-04-08,鼓山第三,150.0
2015-04-08,楠梓市場,150.0
2015-04-08,三民第一,130.0
2015-04-08,苓雅市場,150.0
2015-04-08,中華市場,150.0
2015-04-08,旗山第一,130.0
2015-04-08,鳳山第一,0.0
2015-04-08,岡山文賢,148.0
2015-04-08,大寮大發,136.0
2015-04-08,橋頭市場,133.0
2015-04-09,國民市場,0.0
2015-04-09,鹽埕示範,150.0
2015-04-09,新興第二,133.0
2015-04-09,三民第二,150.0
2015-04-09,左營第四,133.0
2015-04-09,鼓山第三,150.0
2015-04-09,楠梓市場,150.0
2015-04-09,三民第一,130.0
2015-04-09,苓雅市場,150.0
2015-04-09,中華市場,150.0
2015-04-09,旗山第一,130.0
2015-04-09,鳳山第一,0.0
2015-04-09,岡山文賢,148.0
2015-04-09,大寮大發,136.0
2015-04-09,橋頭市場,133.0
2015-04-10,國民市場,150.0
2015-04-10,鹽埕示範,150.0
2015-04-10,新興第二,133.0
2015-04-10,三民第二,150.0
2015-04-10,左營第四,133.0
2015-04-10,鼓山第三,150.0
2015-04-10,楠梓市場,150.0
2015-04-10,三民第一,130.0
2015-04-10,苓雅市場,150.0
2015-04-10,中華市場,150.0
2015-04-10,旗山第一,130.0
2015-04-10,鳳山第一,0.0
2015-04-10,岡山文賢,148.0
2015-04-10,大寮大發,136.0
2015-04-10,橋頭市場,133.0
2015-04-11,國民市場,
2015-04-11,鹽埕示範,
2015-04-11,新興第二,
2015-04-11,三民第二,
2015-04-11,左營第四,
2015-04-11,鼓山第三,
2015-04-11,楠梓市場,
2015-04-11,三民第一,
2015-04-11,苓雅市場,
2015-04-11,中華市場,
2015-04-11,旗山第一,
2015-04-11,鳳山第一,
2015-04-11,岡山文賢,
2015-04-11,大寮大發,
2015-04-11,橋頭市場,
2015-04-12,國民市場,
2015-04-12,鹽埕示範,
2015-04-12,新興第二,
2015-04-12,三民第二,
2015-04-12,左營第四,
2015-04-12,鼓山第三,
2015-04-12,楠梓市場,
2015-04-12,三民第一,
2015-04-12,苓雅市場,
2015-04-12,中華市場,
2015-04-12,旗山第一,
2015-04-12,鳳山第一,
2015-04-12,岡山文賢,
2015-04-12,大寮大發,
2015-04-12,橋頭市場,
2015-04-13,國民市場,150.0
2015-04-13,鹽埕示範,150.0
2015-04-13,新興第二,133.0
2015-04-13,三民第二,
2015-04-13,左營第四,133.0
2015-04-13,鼓山第三,150.0
2015-04-13,楠梓市場,150.0
2015-04-13,三民第一,130.0
2015-04-13,苓雅市場,150.0
2015-04-13,中華市場,150.0
2015-04-13,旗山第一,
2015-04-13,鳳山第一,0.0
2015-04-13,岡山文賢,148.0
2015-04-13,大寮大發,136.0
2015-04-13,橋頭市場,133.0
2015-04-14,國民市場,150.0
2015-04-14,鹽埕示範,150.0
2015-04-14,新興第二,133.0
2015-04-14,三民第二,150.0
2015-04-14,左營第四,133.0
2015-04-14,鼓山第三,150.0
2015-04-14,楠梓市場,150.0
2015-04-14,三民第一,
2015-04-14,苓雅市場,150.0
2015-04-14,中華市場,150.0
2015-04-14,旗山第一,130.0
2015-04-14,鳳山第一,0.0
2015-04-14,岡山文賢,148.0
2015-04-14,大寮大發,136.0
2015-04-14,橋頭市場,133.0
2015-04-15,國民市場,150.0
2015-04-15,鹽埕示範,150.0
2015-04-15,新興第二,133.0
2015-04-15,三民第二,150.0
2015-04-15,左營第四,133.0
2015-04-15,鼓山第三,150.0
2015-04-15,楠梓市場,150.0
2015-04-15,三民第一,130.0
2015-04-15,苓雅市場,150.0
2015-04-15,中華市場,150.0
2015-04-15,旗山第一,130.0
2015-04-15,鳳山第一,0.0
2015-04-15,岡山文賢,148.0
2015-04-15,大寮大發,136.0
2015-04-15,橋頭市場,133.0
2015-04-16,國民市場,150.0
2015-04-16,鹽埕示範,150.0
2015-04-16,新興第二,133.0
2015-04-16,三民第二,150.0
2015-04-16,左營第四,133.0
2015-04-16,鼓山第三,150.0
2015-04-16,楠梓市場,150.0
2015-04-16,三民第一,130.0
2015-04-16,苓雅市場,150.0
2015-04-16,中華市場,150.0
2015-04-16,旗山第一,130.0
2015-04-16,鳳山第一,0.0
2015-04-16,岡山文賢,148.0
2015-04-16,大寮大發,136.0
2015-04-16,橋頭市場,133.0
2015-04-17,國民市場,150.0
2015-04-17,鹽埕示範,
2015-04-17,新興第二,133.0
2015-04-17,三民第二,150.0
2015-04-17,左營第四,133.0
2015-04-17,鼓山第三,150.0
2015-04-17,楠梓市場,150.0
2015-04-17,三民第一,130.0
2015-04-17,苓雅市場,150.0
2015-04-17,中華市場,
2015-04-17,旗山第一,130.0
2015-04-17,鳳山第一,0.0
2015-04-17,岡山文賢,148.0
2015-04-17,大寮大發,132.0
2015-04-17,橋頭市場,133.0
2015-04-18,國民市場,
2015-04-18,鹽埕示範,
2015-04-18,新興第二,
2015-04-18,三民第二,
2015-04-18,左營第四,0.0
2015-04-18,鼓山第三,
2015-04-18,楠梓市場,
2015-04-18,三民第一,
2015-04-18,苓雅市場,
2015-04-18,中華市場,
2015-04-18,旗山第一,
2015-04-18,鳳山第一,0.0
2015-04-18,岡山文賢,
2015-04-18,大寮大發,
2015-04-18,橋頭市場,
2015-04-19,國民市場,
2015-04-19,鹽埕示範,
2015-04-19,新興第二,
2015-04-19,三民第二,
2015-04-19,左營第四,
2015-04-19,鼓山第三,
2015-04-19,楠梓市場,
2015-04-19,三民第一,
2015-04-19,苓雅市場,
2015-04-19,中華市場,
2015-04-19,旗山第一,
2015-04-19,鳳山第一,
2015-04-19,岡山文賢,
2015-04-19,大寮大發,
2015-04-19,橋頭市場,
2015-04-20,國民市場,
2015-04-20,鹽埕示範,150.0
2015-04-20,新興第二,133.0
2015-04-20,三民第二,150.0
2015-04-20,左營第四,133.0
2015-04-20,鼓山第三,150.0
2015-04-20,楠梓市場,150.0
2015-04-20,三民第一,
2015-04-20,苓雅市場,150.0
2015-04-20,中華市場,150.0
2015-04-20,旗山第一,
2015-04-20,鳳山第一,0.0
2015-04-20,岡山文賢,115.0
2015-04-20,大寮大發,132.0
2015-04-20,橋頭市場,133.0
2015-04-21,國民市場,0.0
2015-04-21,鹽埕示範,150.0
2015-04-21,新興第二,133.0
2015-04-21,三民第二,166.0
2015-04-21,左營第四,
2015-04-21,鼓山第三,150.0
2015-04-21,楠梓市場,150.0
2015-04-21,三民第一,130.0
2015-04-21,苓雅市場,150.0
2015-04-21,中華市場,150.0
2015-04-21,旗山第一,130.0
2015-04-21,鳳山第一,0.0
2015-04-21,岡山文賢,115.0
2015-04-21,大寮大發,132.0
2015-04-21,橋頭市場,133.0
2015-04-22,國民市場,0.0
2015-04-22,鹽埕示範,150.0
2015-04-22,新興第二,133.0
2015-04-22,三民第二,166.0
2015-04-22,左營第四,133.0
2015-04-22,鼓山第三,150.0
2015-04-22,楠梓市場,150.0
2015-04-22,三民第一,130.0
2015-04-22,苓雅市場,150.0
2015-04-22,中華市場,150.0
2015-04-22,旗山第一,130.0
2015-04-22,鳳山第一,0.0
2015-04-22,岡山文賢,115.0
2015-04-22,大寮大發,132.0
2015-04-22,橋頭市場,133.0
2015-04-23,國民市場,0.0
2015-04-23,鹽埕示範,150.0
2015-04-23,新興第二,133.0
2015-04-23,三民第二,
2015-04-23,左營第四,133.0
2015-04-23,鼓山第三,150.0
2015-04-23,楠梓市場,150.0
2015-04-23,三民第一,130.0
2015-04-23,苓雅市場,150.0
2015-04-23,中華市場,150.0
2015-04-23,旗山第一,130.0
2015-04-23,鳳山第一,0.0
2015-04-23,岡山文賢,115.0
2015-04-23,大寮大發,
2015-04-23,橋頭市場,133.0
2015-04-24,國民市場,150.0
2015-04-24,鹽埕示範,
2015-04-24,新興第二,133.0
2015-04-24,三民第二,166.0
2015-04-24,左營第四,133.0
2015-04-24,鼓山第三,150.0
2015-04-24,楠梓市場,150.0
2015-04-24,三民第一,130.0
2015-04-24,苓雅市場,150.0
2015-04-24,中華市場,150.0
2015-04-24,旗山第一,130.0
2015-04-24,鳳山第一,0.0
2015-04-24,岡山文賢,115.0
2015-04-24,大寮大發,132.0
2015-04-24,橋頭市場,133.0
2015-04-25,國民市場,
2015-04-25,鹽埕示範,
2015-04-25,新興第二,
2015-04-25,三民第二,
2015-04-25,左營第四,
2015-04-25,鼓山第三,
2015-04-25,楠梓市場,
2015-04-25,三民第一,
2015-04-25,苓雅市場,
2015-04-25,中華市場,
2015-04-25,旗山第一,
2015-04-25,鳳山第一,
2015-04-25,岡山文賢,
2015-04-25,大寮大發,
2015-04-25,橋頭市場,
2015-04-26,國民市場,
2015-04-26,鹽埕示範,
2015-04-26,新興第二,
2015-04-26,三民第二,
2015-04-26,左營第四,
2015-04-26,鼓山第三,
2015-04-26,楠梓市場,
2015-04-26,三民第一,
2015-04-26,苓雅市場,
2015-04-26,中華市場,
2015-04-26,旗山第一,
2015-04-26,鳳山第一,
2015-04-26,岡山文賢,
2015-04-26,大寮大發,
2015-04-26,橋頭市場,
2015-04-27,國民市場,150.0
2015-04-27,鹽埕示範,150.0
2015-04-27,新興第二,133.0
2015-04-27,三民第二,
2015-04-27,左營第四,
2015-04-27,鼓山第三,150.0
2015-04-27,楠梓市場,150.0
2015-04-27,三民第一,
2015-04-27,苓雅市場,150.0
2015-04-27,中華市場,150.0
2015-04-27,旗山第一,
2015-04-27,鳳山第一,0.0
2015-04-27,岡山文賢,115.0
2015-04-27,大寮大發,132.0
2015-04-27,橋頭市場,133.0
2015-04-28,國民市場,150.0
2015-04-28,鹽埕示範,150.0
2015-04-28,新興第二,
2015-04-28,三民第二,
2015-04-28,左營第四,
2015-04-28,鼓山第三,150.0
2015-04-28,楠梓市場,150.0
2015-04-28,三民第一,130.0
2015-04-28,苓雅市場,150.0
2015-04-28,中華市場,150.0
2015-04-28,旗山第一,130.0
2015-04-28,鳳山第一,0.0
2015-04-28,岡山文賢,148.0
2015-04-28,大寮大發,132.0
2015-04-28,橋頭市場,133.0
2015-04-29,國民市場,150.0
2015-04-29,鹽埕示範,150.0
2015-04-29,新興第二,133.0
2015-04-29,三民第二,
2015-04-29,左營第四,133.0
2015-04-29,鼓山第三,150.0
2015-04-29,楠梓市場,150.0
2015-04-29,三民第一,130.0
2015-04-29,苓雅市場,150.0
2015-04-29,中華市場,
2015-04-29,旗山第一,130.0
2015-04-29,鳳山第一,0.0
2015-04-29,岡山文賢,148.0
2015-04-29,大寮大發,132.0
2015-04-29,橋頭市場,133.0
2015-04-30,國民市場,150.0
2015-04-30,鹽埕示範,150.0
2015-04-30,新興第二,133.0
2015-04-30,三民第二,
2015-04-30,左營第四,133.0
2015-04-30,鼓山第三,150.0
2015-04-30,楠梓市場,150.0
2015-04-30,三民第一,130.0
2015-04-30,苓雅市場,150.0
2015-04-30,中華市場,150.0
2015-04-30,旗山第一,130.0
2015-04-30,鳳山第一,0.0
2015-04-30,岡山文賢,148.0
2015-04-30,大寮大發,128.0
2015-04-30,橋頭市場,133.0
2015-05-01,國民市場,150.0
2015-05-01,鹽埕示範,150.0
2015-05-01,新興第二,133.0
2015-05-01,三民第二,166.0
2015-05-01,左營第四,133.0
2015-05-01,鼓山第三,150.0
2015-05-01,楠梓市場,150.0
2015-05-01,三民第一,130.0
2015-05-01,苓雅市場,150.0
2015-05-01,中華市場,150.0
2015-05-01,旗山第一,130.0
2015-05-01,鳳山第一,0.0
2015-05-01,岡山文賢,
2015-05-01,大寮大發,128.0
2015-05-01,橋頭市場,133.0
2015-05-02,國民市場,
2015-05-02,鹽埕示範,
2015-05-02,新興第二,
2015-05-02,三民第二,
2015-05-02,左營第四,
2015-05-02,鼓山第三,
2015-05-02,楠梓市場,
2015-05-02,三民第一,
2015-05-02,苓雅市場,
2015-05-02,中華市場,
2015-05-02,旗山第一,
2015-05-02,鳳山第一,
2015-05-02,岡山文賢,
2015-05-02,大寮大發,
2015-05-02,橋頭市場,
2015-05-03,國民市場,
2015-05-03,鹽埕示範,
2015-05-03,新興第二,
2015-05-03,三民第二,
2015-05-03,左營第四,
2015-05-03,鼓山第三,
2015-05-03,楠梓市場,
2015-05-03,三民第一,
2015-05-03,苓雅市場,
2015-05-03,中華市場,
2015-05-03,旗山第一,
2015-05-03,鳳山第一,
2015-05-03,岡山文賢,
2015-05-03,大寮大發,
2015-05-03,橋頭市場,
2015-05-04,國民市場,150.0
2015-05-04,鹽埕示範,
2015-05-04,新興第二,133.0
2015-05-04,三民第二,166.0
2015-05-04,左營第四,133.0
2015-05-04,鼓山第三,150.0
2015-05-04,楠梓市場,150.0
2015-05-04,三民第一,130.0
2015-05-04,苓雅市場,150.0
2015-05-04,中華市場,150.0
2015-05-04,旗山第一,
2015-05-04,鳳山第一,0.0
2015-05-04,岡山文賢,158.0
2015-05-04,大寮大發,128.0
2015-05-04,橋頭市場,133.0
2015-05-05,國民市場,
2015-05-05,鹽埕示範,
2015-05-05,新興第二,
2015-05-05,三民第二,
2015-05-05,左營第四,
2015-05-05,鼓山第三,
2015-05-05,楠梓市場,
2015-05-05,三民第一,
2015-05-05,苓雅市場,
2015-05-05,中華市場,
2015-05-05,旗山第一,130.0
2015-05-05,鳳山第一,
2015-05-05,岡山文賢,158.0
2015-05-05,大寮大發,
2015-05-05,橋頭市場,133.0
2015-05-06,國民市場,166.0
2015-05-06,鹽埕示範,150.0
2015-05-06,新興第二,133.0
2015-05-06,三民第二,166.0
2015-05-06,左營第四,133.0
2015-05-06,鼓山第三,150.0
2015-05-06,楠梓市場,150.0
2015-05-06,三民第一,130.0
2015-05-06,苓雅市場,150.0
2015-05-06,中華市場,150.0
2015-05-06,旗山第一,130.0
2015-05-06,鳳山第一,0.0
2015-05-06,岡山文賢,158.0
2015-05-06,大寮大發,122.0
2015-05-06,橋頭市場,133.0
2015-05-07,國民市場,166.0
2015-05-07,鹽埕示範,150.0
2015-05-07,新興第二,133.0
2015-05-07,三民第二,
2015-05-07,左營第四,133.0
2015-05-07,鼓山第三,150.0
2015-05-07,楠梓市場,150.0
2015-05-07,三民第一,
2015-05-07,苓雅市場,150.0
2015-05-07,中華市場,150.0
2015-05-07,旗山第一,130.0
2015-05-07,鳳山第一,0.0
2015-05-07,岡山文賢,158.0
2015-05-07,大寮大發,122.0
2015-05-07,橋頭市場,133.0
2015-05-08,國民市場,166.0
2015-05-08,鹽埕示範,150.0
2015-05-08,新興第二,
2015-05-08,三民第二,166.0
2015-05-08,左營第四,
2015-05-08,鼓山第三,150.0
2015-05-08,楠梓市場,150.0
2015-05-08,三民第一,170.0
2015-05-08,苓雅市場,150.0
2015-05-08,中華市場,150.0
2015-05-08,旗山第一,130.0
2015-05-08,鳳山第一,0.0
2015-05-08,岡山文賢,158.0
2015-05-08,大寮大發,
2015-05-08,橋頭市場,133.0
2015-05-09,國民市場,
2015-05-09,鹽埕示範,
2015-05-09,新興第二,
2015-05-09,三民第二,
2015-05-09,左營第四,
2015-05-09,鼓山第三,
2015-05-09,楠梓市場,
2015-05-09,三民第一,
2015-05-09,苓雅市場,
2015-05-09,中華市場,
2015-05-09,旗山第一,
2015-05-09,鳳山第一,
2015-05-09,岡山文賢,
2015-05-09,大寮大發,
2015-05-09,橋頭市場,
2015-05-10,國民市場,
2015-05-10,鹽埕示範,
2015-05-10,新興第二,
2015-05-10,三民第二,
2015-05-10,左營第四,
2015-05-10,鼓山第三,
2015-05-10,楠梓市場,
2015-05-10,三民第一,
2015-05-10,苓雅市場,
2015-05-10,中華市場,
2015-05-10,旗山第一,
2015-05-10,鳳山第一,
2015-05-10,岡山文賢,
2015-05-10,大寮大發,
2015-05-10,橋頭市場,
2015-05-11,國民市場,150.0
2015-05-11,鹽埕示範,
2015-05-11,新興第二,133.0
2015-05-11,三民第二,166.0
2015-05-11,左營第四,
2015-05-11,鼓山第三,150.0
2015-05-11,楠梓市場,150.0
2015-05-11,三民第一,
2015-05-11,苓雅市場,150.0
2015-05-11,中華市場,150.0
2015-05-11,旗山第一,
2015-05-11,鳳山第一,0.0
2015-05-11,岡山文賢,158.0
2015-05-11,大寮大發,132.0
2015-05-11,橋頭市場,133.0
2015-05-12,國民市場,150.0
2015-05-12,鹽埕示範,150.0
2015-05-12,新興第二,133.0
2015-05-12,三民第二,166.0
2015-05-12,左營第四,133.0
2015-05-12,鼓山第三,150.0
2015-05-12,楠梓市場,150.0
2015-05-12,三民第一,170.0
2015-05-12,苓雅市場,150.0
2015-05-12,中華市場,
2015-05-12,旗山第一,130.0
2015-05-12,鳳山第一,0.0
2015-05-12,岡山文賢,158.0
2015-05-12,大寮大發,132.0
2015-05-12,橋頭市場,133.0
2015-05-13,國民市場,150.0
2015-05-13,鹽埕示範,150.0
2015-05-13,新興第二,133.0
2015-05-13,三民第二,166.0
2015-05-13,左營第四,133.0
2015-05-13,鼓山第三,150.0
2015-05-13,楠梓市場,150.0
2015-05-13,三民第一,170.0
2015-05-13,苓雅市場,150.0
2015-05-13,中華市場,150.0
2015-05-13,旗山第一,130.0
2015-05-13,鳳山第一,0.0
2015-05-13,岡山文賢,158.0
2015-05-13,大寮大發,132.0
2015-05-13,橋頭市場,133.0
2015-05-14,國民市場,150.0
2015-05-14,鹽埕示範,150.0
2015-05-14,新興第二,133.0
2015-05-14,三民第二,
2015-05-14,左營第四,133.0
2015-05-14,鼓山第三,150.0
2015-05-14,楠梓市場,150.0
2015-05-14,三民第一,170.0
2015-05-14,苓雅市場,150.0
2015-05-14,中華市場,150.0
2015-05-14,旗山第一,130.0
2015-05-14,鳳山第一,0.0
2015-05-14,岡山文賢,158.0
2015-05-14,大寮大發,0.0
2015-05-14,橋頭市場,133.0
2015-05-15,國民市場,150.0
2015-05-15,鹽埕示範,150.0
2015-05-15,新興第二,
2015-05-15,三民第二,166.0
2015-05-15,左營第四,133.0
2015-05-15,鼓山第三,150.0
2015-05-15,楠梓市場,150.0
2015-05-15,三民第一,170.0
2015-05-15,苓雅市場,150.0
2015-05-15,中華市場,150.0
2015-05-15,旗山第一,130.0
2015-05-15,鳳山第一,0.0
2015-05-15,岡山文賢,158.0
2015-05-15,大寮大發,0.0
2015-05-15,橋頭市場,133.0
2015-05-16,國民市場,
2015-05-16,鹽埕示範,
2015-05-16,新興第二,
2015-05-16,三民第二,
2015-05-16,左營第四,
2015-05-16,鼓山第三,
2015-05-16,楠梓市場,
2015-05-16,三民第一,
2015-05-16,苓雅市場,
2015-05-16,中華市場,
2015-05-16,旗山第一,
2015-05-16,鳳山第一,
2015-05-16,岡山文賢,
2015-05-16,大寮大發,
2015-05-16,橋頭市場,
2015-05-17,國民市場,
2015-05-17,鹽埕示範,
2015-05-17,新興第二,
2015-05-17,三民第二,
2015-05-17,左營第四,
2015-05-17,鼓山第三,
2015-05-17,楠梓市場,
2015-05-17,三民第一,
2015-05-17,苓雅市場,
2015-05-17,中華市場,
2015-05-17,旗山第一,
2015-05-17,鳳山第一,
2015-05-17,岡山文賢,
2015-05-17,大寮大發,
2015-05-17,橋頭市場,
2015-05-18,國民市場,150.0
2015-05-18,鹽埕示範,150.0
2015-05-18,新興第二,133.0
2015-05-18,三民第二,166.0
2015-05-18,左營第四,133.0
2015-05-18,鼓山第三,150.0
2015-05-18,楠梓市場,150.0
2015-05-18,三民第一,170.0
2015-05-18,苓雅市場,150.0
2015-05-18,中華市場,150.0
2015-05-18,旗山第一,
2015-05-18,鳳山第一,0.0
2015-05-18,岡山文賢,158.0
2015-05-18,大寮大發,0.0
2015-05-18,橋頭市場,133.0
2015-05-19,國民市場,150.0
2015-05-19,鹽埕示範,
2015-05-19,新興第二,133.0
2015-05-19,三民第二,166.0
2015-05-19,左營第四,133.0
2015-05-19,鼓山第三,150.0
2015-05-19,楠梓市場,150.0
2015-05-19,三民第一,
2015-05-19,苓雅市場,150.0
2015-05-19,中華市場,150.0
2015-05-19,旗山第一,130.0
2015-05-19,鳳山第一,0.0
2015-05-19,岡山文賢,158.0
2015-05-19,大寮大發,0.0
2015-05-19,橋頭市場,133.0
2015-05-20,國民市場,
2015-05-20,鹽埕示範,150.0
2015-05-20,新興第二,133.0
2015-05-20,三民第二,166.0
2015-05-20,左營第四,
2015-05-20,鼓山第三,150.0
2015-05-20,楠梓市場,150.0
2015-05-20,三民第一,170.0
2015-05-20,苓雅市場,150.0
2015-05-20,中華市場,150.0
2015-05-20,旗山第一,130.0
2015-05-20,鳳山第一,0.0
2015-05-20,岡山文賢,158.0
2015-05-20,大寮大發,0.0
2015-05-20,橋頭市場,133.0
2015-05-21,國民市場,150.0
2015-05-21,鹽埕示範,150.0
2015-05-21,新興第二,
2015-05-21,三民第二,150.0
2015-05-21,左營第四,133.0
2015-05-21,鼓山第三,150.0
2015-05-21,楠梓市場,150.0
2015-05-21,三民第一,170.0
2015-05-21,苓雅市場,150.0
2015-05-21,中華市場,
2015-05-21,旗山第一,130.0
2015-05-21,鳳山第一,0.0
2015-05-21,岡山文賢,158.0
2015-05-21,大寮大發,0.0
2015-05-21,橋頭市場,133.0
2015-05-22,國民市場,150.0
2015-05-22,鹽埕示範,150.0
2015-05-22,新興第二,133.0
2015-05-22,三民第二,150.0
2015-05-22,左營第四,133.0
2015-05-22,鼓山第三,150.0
2015-05-22,楠梓市場,150.0
2015-05-22,三民第一,170.0
2015-05-22,苓雅市場,150.0
2015-05-22,中華市場,150.0
2015-05-22,旗山第一,130.0
2015-05-22,鳳山第一,0.0
2015-05-22,岡山文賢,158.0
2015-05-22,大寮大發,136.0
2015-05-22,橋頭市場,133.0
2015-05-23,國民市場,
2015-05-23,鹽埕示範,
2015-05-23,新興第二,
2015-05-23,三民第二,
2015-05-23,左營第四,
2015-05-23,鼓山第三,
2015-05-23,楠梓市場,
2015-05-23,三民第一,
2015-05-23,苓雅市場,
2015-05-23,中華市場,
2015-05-23,旗山第一,
2015-05-23,鳳山第一,
2015-05-23,岡山文賢,
2015-05-23,大寮大發,
2015-05-23,橋頭市場,
2015-05-24,國民市場,
2015-05-24,鹽埕示範,
2015-05-24,新興第二,
2015-05-24,三民第二,
2015-05-24,左營第四,
2015-05-24,鼓山第三,
2015-05-24,楠梓市場,
2015-05-24,三民第一,
2015-05-24,苓雅市場,
2015-05-24,中華市場,
2015-05-24,旗山第一,
2015-05-24,鳳山第一,
2015-05-24,岡山文賢,
2015-05-24,大寮大發,
2015-05-24,橋頭市場,
2015-05-25,國民市場,
2015-05-25,鹽埕示範,150.0
2015-05-25,新興第二,133.0
2015-05-25,三民第二,166.0
2015-05-25,左營第四,133.0
2015-05-25,鼓山第三,150.0
2015-05-25,楠梓市場,150.0
2015-05-25,三民第一,130.0
2015-05-25,苓雅市場,
2015-05-25,中華市場,150.0
2015-05-25,旗山第一,
2015-05-25,鳳山第一,0.0
2015-05-25,岡山文賢,148.0
2015-05-25,大寮大發,136.0
2015-05-25,橋頭市場,133.0
2015-05-26,國民市場,150.0
2015-05-26,鹽埕示範,150.0
2015-05-26,新興第二,133.0
2015-05-26,三民第二,
2015-05-26,左營第四,133.0
2015-05-26,鼓山第三,150.0
2015-05-26,楠梓市場,150.0
2015-05-26,三民第一,130.0
2015-05-26,苓雅市場,
2015-05-26,中華市場,150.0
2015-05-26,旗山第一,130.0
2015-05-26,鳳山第一,0.0
2015-05-26,岡山文賢,148.0
2015-05-26,大寮大發,136.0
2015-05-26,橋頭市場,133.0
2015-05-27,國民市場,150.0
2015-05-27,鹽埕示範,
2015-05-27,新興第二,133.0
2015-05-27,三民第二,166.0
2015-05-27,左營第四,133.0
2015-05-27,鼓山第三,150.0
2015-05-27,楠梓市場,150.0
2015-05-27,三民第一,130.0
2015-05-27,苓雅市場,150.0
2015-05-27,中華市場,150.0
2015-05-27,旗山第一,130.0
2015-05-27,鳳山第一,0.0
2015-05-27,岡山文賢,148.0
2015-05-27,大寮大發,136.0
2015-05-27,橋頭市場,133.0
2015-05-28,國民市場,150.0
2015-05-28,鹽埕示範,150.0
2015-05-28,新興第二,133.0
2015-05-28,三民第二,166.0
2015-05-28,左營第四,133.0
2015-05-28,鼓山第三,150.0
2015-05-28,楠梓市場,150.0
2015-05-28,三民第一,130.0
2015-05-28,苓雅市場,150.0
2015-05-28,中華市場,150.0
2015-05-28,旗山第一,130.0
2015-05-28,鳳山第一,0.0
2015-05-28,岡山文賢,148.0
2015-05-28,大寮大發,136.0
2015-05-28,橋頭市場,133.0
2015-05-29,國民市場,150.0
2015-05-29,鹽埕示範,150.0
2015-05-29,新興第二,133.0
2015-05-29,三民第二,166.0
2015-05-29,左營第四,133.0
2015-05-29,鼓山第三,150.0
2015-05-29,楠梓市場,150.0
2015-05-29,三民第一,130.0
2015-05-29,苓雅市場,150.0
2015-05-29,中華市場,150.0
2015-05-29,旗山第一,130.0
2015-05-29,鳳山第一,0.0
2015-05-29,岡山文賢,148.0
2015-05-29,大寮大發,136.0
2015-05-29,橋頭市場,133.0
2015-05-30,國民市場,
2015-05-30,鹽埕示範,
2015-05-30,新興第二,
2015-05-30,三民第二,
2015-05-30,左營第四,
2015-05-30,鼓山第三,
2015-05-30,楠梓市場,
2015-05-30,三民第一,
2015-05-30,苓雅市場,
2015-05-30,中華市場,
2015-05-30,旗山第一,
2015-05-30,鳳山第一,
2015-05-30,岡山文賢,
2015-05-30,大寮大發,
2015-05-30,橋頭市場,
2015-05-31,國民市場,
2015-05-31,鹽埕示範,
2015-05-31,新興第二,
2015-05-31,三民第二,
2015-05-31,左營第四,
2015-05-31,鼓山第三,
2015-05-31,楠梓市場,
2015-05-31,三民第一,
2015-05-31,苓雅市場,
2015-05-31,中華市場,
2015-05-31,旗山第一,
2015-05-31,鳳山第一,
2015-05-31,岡山文賢,
2015-05-31,大寮大發,
2015-05-31,橋頭市場,
2015-06-01,國民市場,133.0
2015-06-01,鹽埕示範,150.0
2015-06-01,新興第二,133.0
2015-06-01,三民第二,183.0
2015-06-01,左營第四,133.0
2015-06-01,鼓山第三,150.0
2015-06-01,楠梓市場,150.0
2015-06-01,三民第一,
2015-06-01,苓雅市場,150.0
2015-06-01,中華市場,150.0
2015-06-01,旗山第一,
2015-06-01,鳳山第一,0.0
2015-06-01,岡山文賢,82.0
2015-06-01,大寮大發,132.0
2015-06-01,橋頭市場,133.0
2015-06-02,國民市場,133.0
2015-06-02,鹽埕示範,150.0
2015-06-02,新興第二,
2015-06-02,三民第二,183.0
2015-06-02,左營第四,133.0
2015-06-02,鼓山第三,150.0
2015-06-02,楠梓市場,150.0
2015-06-02,三民第一,130.0
2015-06-02,苓雅市場,150.0
2015-06-02,中華市場,150.0
2015-06-02,旗山第一,130.0
2015-06-02,鳳山第一,0.0
2015-06-02,岡山文賢,82.0
2015-06-02,大寮大發,132.0
2015-06-02,橋頭市場,133.0
2015-06-03,國民市場,
2015-06-03,鹽埕示範,
2015-06-03,新興第二,
2015-06-03,三民第二,
2015-06-03,左營第四,
2015-06-03,鼓山第三,
2015-06-03,楠梓市場,
2015-06-03,三民第一,
2015-06-03,苓雅市場,
2015-06-03,中華市場,
2015-06-03,旗山第一,130.0
2015-06-03,鳳山第一,
2015-06-03,岡山文賢,82.0
2015-06-03,大寮大發,
2015-06-03,橋頭市場,133.0
2015-06-04,國民市場,133.0
2015-06-04,鹽埕示範,150.0
2015-06-04,新興第二,133.0
2015-06-04,三民第二,183.0
2015-06-04,左營第四,133.0
2015-06-04,鼓山第三,150.0
2015-06-04,楠梓市場,150.0
2015-06-04,三民第一,130.0
2015-06-04,苓雅市場,
2015-06-04,中華市場,
2015-06-04,旗山第一,130.0
2015-06-04,鳳山第一,0.0
2015-06-04,岡山文賢,82.0
2015-06-04,大寮大發,132.0
2015-06-04,橋頭市場,133.0
2015-06-05,國民市場,133.0
2015-06-05,鹽埕示範,150.0
2015-06-05,新興第二,133.0
2015-06-05,三民第二,166.0
2015-06-05,左營第四,133.0
2015-06-05,鼓山第三,150.0
2015-06-05,楠梓市場,150.0
2015-06-05,三民第一,
2015-06-05,苓雅市場,150.0
2015-06-05,中華市場,150.0
2015-06-05,旗山第一,130.0
2015-06-05,鳳山第一,0.0
2015-06-05,岡山文賢,82.0
2015-06-05,大寮大發,132.0
2015-06-05,橋頭市場,133.0
2015-06-06,國民市場,
2015-06-06,鹽埕示範,
2015-06-06,新興第二,
2015-06-06,三民第二,
2015-06-06,左營第四,
2015-06-06,鼓山第三,
2015-06-06,楠梓市場,
2015-06-06,三民第一,
2015-06-06,苓雅市場,
2015-06-06,中華市場,
2015-06-06,旗山第一,
2015-06-06,鳳山第一,
2015-06-06,岡山文賢,
2015-06-06,大寮大發,
2015-06-06,橋頭市場,
2015-06-07,國民市場,
2015-06-07,鹽埕示範,
2015-06-07,新興第二,0.0
2015-06-07,三民第二,
2015-06-07,左營第四,
2015-06-07,鼓山第三,
2015-06-07,楠梓市場,
2015-06-07,三民第一,
2015-06-07,苓雅市場,
2015-06-07,中華市場,
2015-06-07,旗山第一,
2015-06-07,鳳山第一,
2015-06-07,岡山文賢,
2015-06-07,大寮大發,
2015-06-07,橋頭市場,
2015-06-08,國民市場,133.0
2015-06-08,鹽埕示範,150.0
2015-06-08,新興第二,133.0
2015-06-08,三民第二,
2015-06-08,左營第四,133.0
2015-06-08,鼓山第三,150.0
2015-06-08,楠梓市場,150.0
2015-06-08,三民第一,130.0
2015-06-08,苓雅市場,150.0
2015-06-08,中華市場,150.0
2015-06-08,旗山第一,
2015-06-08,鳳山第一,0.0
2015-06-08,岡山文賢,132.0
2015-06-08,大寮大發,136.0
2015-06-08,橋頭市場,133.0
2015-06-09,國民市場,133.0
2015-06-09,鹽埕示範,150.0
2015-06-09,新興第二,133.0
2015-06-09,三民第二,166.0
2015-06-09,左營第四,
2015-06-09,鼓山第三,150.0
2015-06-09,楠梓市場,150.0
2015-06-09,三民第一,130.0
2015-06-09,苓雅市場,150.0
2015-06-09,中華市場,150.0
2015-06-09,旗山第一,130.0
2015-06-09,鳳山第一,0.0
2015-06-09,岡山文賢,132.0
2015-06-09,大寮大發,136.0
2015-06-09,橋頭市場,133.0
2015-06-10,國民市場,133.0
2015-06-10,鹽埕示範,150.0
2015-06-10,新興第二,133.0
2015-06-10,三民第二,166.0
2015-06-10,左營第四,133.0
2015-06-10,鼓山第三,150.0
2015-06-10,楠梓市場,150.0
2015-06-10,三民第一,130.0
2015-06-10,苓雅市場,
2015-06-10,中華市場,150.0
2015-06-10,旗山第一,130.0
2015-06-10,鳳山第一,0.0
2015-06-10,岡山文賢,132.0
2015-06-10,大寮大發,
2015-06-10,橋頭市場,133.0
2015-06-11,國民市場,133.0
2015-06-11,鹽埕示範,
2015-06-11,新興第二,133.0
2015-06-11,三民第二,166.0
2015-06-11,左營第四,133.0
2015-06-11,鼓山第三,150.0
2015-06-11,楠梓市場,150.0
2015-06-11,三民第一,
2015-06-11,苓雅市場,
2015-06-11,中華市場,150.0
2015-06-11,旗山第一,130.0
2015-06-11,鳳山第一,0.0
2015-06-11,岡山文賢,132.0
2015-06-11,大寮大發,136.0
2015-06-11,橋頭市場,133.0
2015-06-12,國民市場,133.0
2015-06-12,鹽埕示範,150.0
2015-06-12,新興第二,133.0
2015-06-12,三民第二,150.0
2015-06-12,左營第四,
2015-06-12,鼓山第三,150.0
2015-06-12,楠梓市場,150.0
2015-06-12,三民第一,130.0
2015-06-12,苓雅市場,150.0
2015-06-12,中華市場,150.0
2015-06-12,旗山第一,130.0
2015-06-12,鳳山第一,0.0
2015-06-12,岡山文賢,132.0
2015-06-12,大寮大發,136.0
2015-06-12,橋頭市場,133.0
2015-06-13,國民市場,
2015-06-13,鹽埕示範,
2015-06-13,新興第二,
2015-06-13,三民第二,
2015-06-13,左營第四,
2015-06-13,鼓山第三,
2015-06-13,楠梓市場,
2015-06-13,三民第一,
2015-06-13,苓雅市場,
2015-06-13,中華市場,
2015-06-13,旗山第一,
2015-06-13,鳳山第一,
2015-06-13,岡山文賢,
2015-06-13,大寮大發,
2015-06-13,橋頭市場,
2015-06-14,國民市場,
2015-06-14,鹽埕示範,
2015-06-14,新興第二,
2015-06-14,三民第二,
2015-06-14,左營第四,
2015-06-14,鼓山第三,
2015-06-14,楠梓市場,
2015-06-14,三民第一,
2015-06-14,苓雅市場,
2015-06-14,中華市場,
2015-06-14,旗山第一,
2015-06-14,鳳山第一,
2015-06-14,岡山文賢,
2015-06-14,大寮大發,
2015-06-14,橋頭市場,
2015-06-15,國民市場,133.0
2015-06-15,鹽埕示範,150.0
2015-06-15,新興第二,133.0
2015-06-15,三民第二,150.0
2015-06-15,左營第四,133.0
2015-06-15,鼓山第三,150.0
2015-06-15,楠梓市場,150.0
2015-06-15,三民第一,130.0
2015-06-15,苓雅市場,150.0
2015-06-15,中華市場,150.0
2015-06-15,旗山第一,
2015-06-15,鳳山第一,0.0
2015-06-15,岡山文賢,115.0
2015-06-15,大寮大發,136.0
2015-06-15,橋頭市場,133.0
2015-06-16,國民市場,133.0
2015-06-16,鹽埕示範,150.0
2015-06-16,新興第二,133.0
2015-06-16,三民第二,150.0
2015-06-16,左營第四,133.0
2015-06-16,鼓山第三,150.0
2015-06-16,楠梓市場,150.0
2015-06-16,三民第一,130.0
2015-06-16,苓雅市場,133.0
2015-06-16,中華市場,
2015-06-16,旗山第一,130.0
2015-06-16,鳳山第一,0.0
2015-06-16,岡山文賢,115.0
2015-06-16,大寮大發,132.0
2015-06-16,橋頭市場,133.0
2015-06-17,國民市場,133.0
2015-06-17,鹽埕示範,150.0
2015-06-17,新興第二,133.0
2015-06-17,三民第二,150.0
2015-06-17,左營第四,133.0
2015-06-17,鼓山第三,150.0
2015-06-17,楠梓市場,150.0
2015-06-17,三民第一,130.0
2015-06-17,苓雅市場,
2015-06-17,中華市場,150.0
2015-06-17,旗山第一,130.0
2015-06-17,鳳山第一,0.0
2015-06-17,岡山文賢,115.0
2015-06-17,大寮大發,132.0
2015-06-17,橋頭市場,133.0
2015-06-18,國民市場,133.0
2015-06-18,鹽埕示範,150.0
2015-06-18,新興第二,133.0
2015-06-18,三民第二,
2015-06-18,左營第四,133.0
2015-06-18,鼓山第三,150.0
2015-06-18,楠梓市場,150.0
2015-06-18,三民第一,130.0
2015-06-18,苓雅市場,133.0
2015-06-18,中華市場,150.0
2015-06-18,旗山第一,130.0
2015-06-18,鳳山第一,0.0
2015-06-18,岡山文賢,115.0
2015-06-18,大寮大發,132.0
2015-06-18,橋頭市場,133.0
2015-06-19,國民市場,
2015-06-19,鹽埕示範,
2015-06-19,新興第二,
2015-06-19,三民第二,
2015-06-19,左營第四,
2015-06-19,鼓山第三,
2015-06-19,楠梓市場,
2015-06-19,三民第一,
2015-06-19,苓雅市場,
2015-06-19,中華市場,
2015-06-19,旗山第一,
2015-06-19,鳳山第一,
2015-06-19,岡山文賢,
2015-06-19,大寮大發,
2015-06-19,橋頭市場,
2015-06-20,國民市場,
2015-06-20,鹽埕示範,
2015-06-20,新興第二,
2015-06-20,三民第二,
2015-06-20,左營第四,
2015-06-20,鼓山第三,
2015-06-20,楠梓市場,
2015-06-20,三民第一,
2015-06-20,苓雅市場,
2015-06-20,中華市場,
2015-06-20,旗山第一,
2015-06-20,鳳山第一,
2015-06-20,岡山文賢,
2015-06-20,大寮大發,
2015-06-20,橋頭市場,
2015-06-21,國民市場,
2015-06-21,鹽埕示範,
2015-06-21,新興第二,
2015-06-21,三民第二,
2015-06-21,左營第四,
2015-06-21,鼓山第三,
2015-06-21,楠梓市場,
2015-06-21,三民第一,
2015-06-21,苓雅市場,
2015-06-21,中華市場,
2015-06-21,旗山第一,
2015-06-21,鳳山第一,
2015-06-21,岡山文賢,
2015-06-21,大寮大發,
2015-06-21,橋頭市場,
2015-06-22,國民市場,133.0
2015-06-22,鹽埕示範,150.0
2015-06-22,新興第二,133.0
2015-06-22,三民第二,150.0
2015-06-22,左營第四,133.0
2015-06-22,鼓山第三,150.0
2015-06-22,楠梓市場,150.0
2015-06-22,三民第一,130.0
2015-06-22,苓雅市場,133.0
2015-06-22,中華市場,150.0
2015-06-22,旗山第一,
2015-06-22,鳳山第一,0.0
2015-06-22,岡山文賢,115.0
2015-06-22,大寮大發,132.0
2015-06-22,橋頭市場,133.0
2015-06-23,國民市場,133.0
2015-06-23,鹽埕示範,150.0
2015-06-23,新興第二,133.0
2015-06-23,三民第二,150.0
2015-06-23,左營第四,133.0
2015-06-23,鼓山第三,150.0
2015-06-23,楠梓市場,150.0
2015-06-23,三民第一,130.0
2015-06-23,苓雅市場,133.0
2015-06-23,中華市場,150.0
2015-06-23,旗山第一,130.0
2015-06-23,鳳山第一,0.0
2015-06-23,岡山文賢,115.0
2015-06-23,大寮大發,132.0
2015-06-23,橋頭市場,133.0
2015-06-24,國民市場,133.0
2015-06-24,鹽埕示範,
2015-06-24,新興第二,133.0
2015-06-24,三民第二,150.0
2015-06-24,左營第四,133.0
2015-06-24,鼓山第三,150.0
2015-06-24,楠梓市場,150.0
2015-06-24,三民第一,130.0
2015-06-24,苓雅市場,133.0
2015-06-24,中華市場,150.0
2015-06-24,旗山第一,130.0
2015-06-24,鳳山第一,0.0
2015-06-24,岡山文賢,115.0
2015-06-24,大寮大發,132.0
2015-06-24,橋頭市場,133.0
2015-06-25,國民市場,133.0
2015-06-25,鹽埕示範,150.0
2015-06-25,新興第二,133.0
2015-06-25,三民第二,150.0
2015-06-25,左營第四,133.0
2015-06-25,鼓山第三,150.0
2015-06-25,楠梓市場,150.0
2015-06-25,三民第一,170.0
2015-06-25,苓雅市場,133.0
2015-06-25,中華市場,
2015-06-25,旗山第一,130.0
2015-06-25,鳳山第一,0.0
2015-06-25,岡山文賢,115.0
2015-06-25,大寮大發,132.0
2015-06-25,橋頭市場,133.0
2015-06-26,國民市場,133.0
2015-06-26,鹽埕示範,150.0
2015-06-26,新興第二,133.0
2015-06-26,三民第二,
2015-06-26,左營第四,133.0
2015-06-26,鼓山第三,150.0
2015-06-26,楠梓市場,150.0
2015-06-26,三民第一,170.0
2015-06-26,苓雅市場,133.0
2015-06-26,中華市場,150.0
2015-06-26,旗山第一,130.0
2015-06-26,鳳山第一,0.0
2015-06-26,岡山文賢,115.0
2015-06-26,大寮大發,132.0
2015-06-26,橋頭市場,133.0
2015-06-27,國民市場,
2015-06-27,鹽埕示範,
2015-06-27,新興第二,
2015-06-27,三民第二,
2015-06-27,左營第四,
2015-06-27,鼓山第三,
2015-06-27,楠梓市場,
2015-06-27,三民第一,
2015-06-27,苓雅市場,
2015-06-27,中華市場,
2015-06-27,旗山第一,
2015-06-27,鳳山第一,
2015-06-27,岡山文賢,
2015-06-27,大寮大發,
2015-06-27,橋頭市場,
2015-06-28,國民市場,
2015-06-28,鹽埕示範,
2015-06-28,新興第二,
2015-06-28,三民第二,
2015-06-28,左營第四,
2015-06-28,鼓山第三,
2015-06-28,楠梓市場,
2015-06-28,三民第一,
2015-06-28,苓雅市場,
2015-06-28,中華市場,
2015-06-28,旗山第一,
2015-06-28,鳳山第一,
2015-06-28,岡山文賢,
2015-06-28,大寮大發,
2015-06-28,橋頭市場,
2015-06-29,國民市場,133.0
2015-06-29,鹽埕示範,150.0
2015-06-29,新興第二,133.0
2015-06-29,三民第二,166.0
2015-06-29,左營第四,133.0
2015-06-29,鼓山第三,150.0
2015-06-29,楠梓市場,150.0
2015-06-29,三民第一,170.0
2015-06-29,苓雅市場,133.0
2015-06-29,中華市場,150.0
2015-06-29,旗山第一,
2015-06-29,鳳山第一,0.0
2015-06-29,岡山文賢,115.0
2015-06-29,大寮大發,132.0
2015-06-29,橋頭市場,133.0
2015-06-30,國民市場,
2015-06-30,鹽埕示範,150.0
2015-06-30,新興第二,
2015-06-30,三民第二,166.0
2015-06-30,左營第四,133.0
2015-06-30,鼓山第三,150.0
2015-06-30,楠梓市場,150.0
2015-06-30,三民第一,
2015-06-30,苓雅市場,133.0
2015-06-30,中華市場,150.0
2015-06-30,旗山第一,130.0
2015-06-30,鳳山第一,0.0
2015-06-30,岡山文賢,115.0
2015-06-30,大寮大發,132.0
2015-06-30,橋頭市場,133.0
2015-07-01,國民市場,
2015-07-01,鹽埕示範,150.0
2015-07-01,新興第二,133.0
2015-07-01,三民第二,166.0
2015-07-01,左營第四,133.0
2015-07-01,鼓山第三,150.0
2015-07-01,楠梓市場,150.0
2015-07-01,三民第一,170.0
2015-07-01,苓雅市場,
2015-07-01,中華市場,150.0
2015-07-01,旗山第一,130.0
2015-07-01,鳳山第一,0.0
2015-07-01,岡山文賢,115.0
2015-07-01,大寮大發,132.0
2015-07-01,橋頭市場,133.0
2015-07-02,國民市場,
2015-07-02,鹽埕示範,
2015-07-02,新興第二,
2015-07-02,三民第二,
2015-07-02,左營第四,
2015-07-02,鼓山第三,
2015-07-02,楠梓市場,
2015-07-02,三民第一,
2015-07-02,苓雅市場,
2015-07-02,中華市場,
2015-07-02,旗山第一,130.0
2015-07-02,鳳山第一,
2015-07-02,岡山文賢,
2015-07-02,大寮大發,
2015-07-02,橋頭市場,133.0
2015-07-03,國民市場,
2015-07-03,鹽埕示範,150.0
2015-07-03,新興第二,133.0
2015-07-03,三民第二,166.0
2015-07-03,左營第四,133.0
2015-07-03,鼓山第三,150.0
2015-07-03,楠梓市場,150.0
2015-07-03,三民第一,170.0
2015-07-03,苓雅市場,133.0
2015-07-03,中華市場,150.0
2015-07-03,旗山第一,130.0
2015-07-03,鳳山第一,0.0
2015-07-03,岡山文賢,115.0
2015-07-03,大寮大發,132.0
2015-07-03,橋頭市場,133.0
2015-07-04,國民市場,
2015-07-04,鹽埕示範,
2015-07-04,新興第二,
2015-07-04,三民第二,
2015-07-04,左營第四,
2015-07-04,鼓山第三,
2015-07-04,楠梓市場,
2015-07-04,三民第一,
2015-07-04,苓雅市場,
2015-07-04,中華市場,
2015-07-04,旗山第一,
2015-07-04,鳳山第一,
2015-07-04,岡山文賢,
2015-07-04,大寮大發,
2015-07-04,橋頭市場,
2015-07-05,國民市場,
2015-07-05,鹽埕示範,
2015-07-05,新興第二,
2015-07-05,三民第二,
2015-07-05,左營第四,
2015-07-05,鼓山第三,
2015-07-05,楠梓市場,
2015-07-05,三民第一,
2015-07-05,苓雅市場,
2015-07-05,中華市場,
2015-07-05,旗山第一,
2015-07-05,鳳山第一,
2015-07-05,岡山文賢,
2015-07-05,大寮大發,
2015-07-05,橋頭市場,
2015-07-06,國民市場,116.0
2015-07-06,鹽埕示範,150.0
2015-07-06,新興第二,133.0
2015-07-06,三民第二,
2015-07-06,左營第四,133.0
2015-07-06,鼓山第三,150.0
2015-07-06,楠梓市場,150.0
2015-07-06,三民第一,
2015-07-06,苓雅市場,133.0
2015-07-06,中華市場,150.0
2015-07-06,旗山第一,
2015-07-06,鳳山第一,0.0
2015-07-06,岡山文賢,98.0
2015-07-06,大寮大發,128.0
2015-07-06,橋頭市場,133.0
2015-07-07,國民市場,116.0
2015-07-07,鹽埕示範,150.0
2015-07-07,新興第二,133.0
2015-07-07,三民第二,150.0
2015-07-07,左營第四,133.0
2015-07-07,鼓山第三,
2015-07-07,楠梓市場,100.0
2015-07-07,三民第一,
2015-07-07,苓雅市場,133.0
2015-07-07,中華市場,150.0
2015-07-07,旗山第一,130.0
2015-07-07,鳳山第一,0.0
2015-07-07,岡山文賢,98.0
2015-07-07,大寮大發,128.0
2015-07-07,橋頭市場,133.0
2015-07-08,國民市場,116.0
2015-07-08,鹽埕示範,
2015-07-08,新興第二,133.0
2015-07-08,三民第二,150.0
2015-07-08,左營第四,
2015-07-08,鼓山第三,150.0
2015-07-08,楠梓市場,100.0
2015-07-08,三民第一,150.0
2015-07-08,苓雅市場,133.0
2015-07-08,中華市場,150.0
2015-07-08,旗山第一,130.0
2015-07-08,鳳山第一,0.0
2015-07-08,岡山文賢,98.0
2015-07-08,大寮大發,128.0
2015-07-08,橋頭市場,133.0
2015-07-09,國民市場,116.0
2015-07-09,鹽埕示範,150.0
2015-07-09,新興第二,
2015-07-09,三民第二,150.0
2015-07-09,左營第四,133.0
2015-07-09,鼓山第三,150.0
2015-07-09,楠梓市場,100.0
2015-07-09,三民第一,150.0
2015-07-09,苓雅市場,133.0
2015-07-09,中華市場,150.0
2015-07-09,旗山第一,130.0
2015-07-09,鳳山第一,0.0
2015-07-09,岡山文賢,98.0
2015-07-09,大寮大發,128.0
2015-07-09,橋頭市場,133.0
2015-07-10,國民市場,116.0
2015-07-10,鹽埕示範,150.0
2015-07-10,新興第二,133.0
2015-07-10,三民第二,166.0
2015-07-10,左營第四,133.0
2015-07-10,鼓山第三,
2015-07-10,楠梓市場,100.0
2015-07-10,三民第一,150.0
2015-07-10,苓雅市場,133.0
2015-07-10,中華市場,
2015-07-10,旗山第一,130.0
2015-07-10,鳳山第一,0.0
2015-07-10,岡山文賢,98.0
2015-07-10,大寮大發,128.0
2015-07-10,橋頭市場,133.0
2015-07-11,國民市場,
2015-07-11,鹽埕示範,
2015-07-11,新興第二,
2015-07-11,三民第二,
2015-07-11,左營第四,
2015-07-11,鼓山第三,
2015-07-11,楠梓市場,
2015-07-11,三民第一,
2015-07-11,苓雅市場,
2015-07-11,中華市場,
2015-07-11,旗山第一,
2015-07-11,鳳山第一,
2015-07-11,岡山文賢,
2015-07-11,大寮大發,
2015-07-11,橋頭市場,
2015-07-12,國民市場,
2015-07-12,鹽埕示範,
2015-07-12,新興第二,
2015-07-12,三民第二,
2015-07-12,左營第四,
2015-07-12,鼓山第三,
2015-07-12,楠梓市場,
2015-07-12,三民第一,
2015-07-12,苓雅市場,
2015-07-12,中華市場,
2015-07-12,旗山第一,
2015-07-12,鳳山第一,
2015-07-12,岡山文賢,
2015-07-12,大寮大發,
2015-07-12,橋頭市場,
2015-07-13,國民市場,116.0
2015-07-13,鹽埕示範,150.0
2015-07-13,新興第二,133.0
2015-07-13,三民第二,166.0
2015-07-13,左營第四,133.0
2015-07-13,鼓山第三,150.0
2015-07-13,楠梓市場,100.0
2015-07-13,三民第一,150.0
2015-07-13,苓雅市場,
2015-07-13,中華市場,150.0
2015-07-13,旗山第一,
2015-07-13,鳳山第一,0.0
2015-07-13,岡山文賢,98.0
2015-07-13,大寮大發,128.0
2015-07-13,橋頭市場,133.0
2015-07-14,國民市場,116.0
2015-07-14,鹽埕示範,150.0
2015-07-14,新興第二,133.0
2015-07-14,三民第二,
2015-07-14,左營第四,133.0
2015-07-14,鼓山第三,150.0
2015-07-14,楠梓市場,100.0
2015-07-14,三民第一,150.0
2015-07-14,苓雅市場,133.0
2015-07-14,中華市場,150.0
2015-07-14,旗山第一,130.0
2015-07-14,鳳山第一,0.0
2015-07-14,岡山文賢,98.0
2015-07-14,大寮大發,128.0
2015-07-14,橋頭市場,133.0
2015-07-15,國民市場,116.0
2015-07-15,鹽埕示範,150.0
2015-07-15,新興第二,133.0
2015-07-15,三民第二,150.0
2015-07-15,左營第四,133.0
2015-07-15,鼓山第三,150.0
2015-07-15,楠梓市場,100.0
2015-07-15,三民第一,150.0
2015-07-15,苓雅市場,133.0
2015-07-15,中華市場,150.0
2015-07-15,旗山第一,130.0
2015-07-15,鳳山第一,0.0
2015-07-15,岡山文賢,98.0
2015-07-15,大寮大發,128.0
2015-07-15,橋頭市場,133.0
2015-07-16,國民市場,
2015-07-16,鹽埕示範,150.0
2015-07-16,新興第二,133.0
2015-07-16,三民第二,133.0
2015-07-16,左營第四,133.0
2015-07-16,鼓山第三,150.0
2015-07-16,楠梓市場,100.0
2015-07-16,三民第一,150.0
2015-07-16,苓雅市場,133.0
2015-07-16,中華市場,150.0
2015-07-16,旗山第一,130.0
2015-07-16,鳳山第一,0.0
2015-07-16,岡山文賢,98.0
2015-07-16,大寮大發,128.0
2015-07-16,橋頭市場,133.0
2015-07-17,國民市場,116.0
2015-07-17,鹽埕示範,
2015-07-17,新興第二,133.0
2015-07-17,三民第二,133.0
2015-07-17,左營第四,133.0
2015-07-17,鼓山第三,150.0
2015-07-17,楠梓市場,100.0
2015-07-17,三民第一,150.0
2015-07-17,苓雅市場,133.0
2015-07-17,中華市場,150.0
2015-07-17,旗山第一,130.0
2015-07-17,鳳山第一,0.0
2015-07-17,岡山文賢,98.0
2015-07-17,大寮大發,112.0
2015-07-17,橋頭市場,133.0
2015-07-18,國民市場,
2015-07-18,鹽埕示範,
2015-07-18,新興第二,
2015-07-18,三民第二,
2015-07-18,左營第四,
2015-07-18,鼓山第三,
2015-07-18,楠梓市場,
2015-07-18,三民第一,
2015-07-18,苓雅市場,
2015-07-18,中華市場,
2015-07-18,旗山第一,
2015-07-18,鳳山第一,
2015-07-18,岡山文賢,
2015-07-18,大寮大發,
2015-07-18,橋頭市場,
2015-07-19,國民市場,
2015-07-19,鹽埕示範,
2015-07-19,新興第二,
2015-07-19,三民第二,
2015-07-19,左營第四,
2015-07-19,鼓山第三,
2015-07-19,楠梓市場,
2015-07-19,三民第一,
2015-07-19,苓雅市場,
2015-07-19,中華市場,
2015-07-19,旗山第一,
2015-07-19,鳳山第一,
2015-07-19,岡山文賢,
2015-07-19,大寮大發,
2015-07-19,橋頭市場,
2015-07-20,國民市場,116.0
2015-07-20,鹽埕示範,150.0
2015-07-20,新興第二,133.0
2015-07-20,三民第二,133.0
2015-07-20,左營第四,133.0
2015-07-20,鼓山第三,150.0
2015-07-20,楠梓市場,100.0
2015-07-20,三民第一,150.0
2015-07-20,苓雅市場,133.0
2015-07-20,中華市場,
2015-07-20,旗山第一,
2015-07-20,鳳山第一,0.0
2015-07-20,岡山文賢,98.0
2015-07-20,大寮大發,120.0
2015-07-20,橋頭市場,133.0
2015-07-21,國民市場,116.0
2015-07-21,鹽埕示範,150.0
2015-07-21,新興第二,133.0
2015-07-21,三民第二,133.0
2015-07-21,左營第四,
2015-07-21,鼓山第三,150.0
2015-07-21,楠梓市場,100.0
2015-07-21,三民第一,150.0
2015-07-21,苓雅市場,133.0
2015-07-21,中華市場,150.0
2015-07-21,旗山第一,130.0
2015-07-21,鳳山第一,0.0
2015-07-21,岡山文賢,98.0
2015-07-21,大寮大發,120.0
2015-07-21,橋頭市場,133.0
2015-07-22,國民市場,116.0
2015-07-22,鹽埕示範,150.0
2015-07-22,新興第二,133.0
2015-07-22,三民第二,133.0
2015-07-22,左營第四,133.0
2015-07-22,鼓山第三,150.0
2015-07-22,楠梓市場,100.0
2015-07-22,三民第一,150.0
2015-07-22,苓雅市場,
2015-07-22,中華市場,150.0
2015-07-22,旗山第一,130.0
2015-07-22,鳳山第一,0.0
2015-07-22,岡山文賢,98.0
2015-07-22,大寮大發,126.0
2015-07-22,橋頭市場,133.0
2015-07-23,國民市場,116.0
2015-07-23,鹽埕示範,150.0
2015-07-23,新興第二,133.0
2015-07-23,三民第二,133.0
2015-07-23,左營第四,133.0
2015-07-23,鼓山第三,150.0
2015-07-23,楠梓市場,100.0
2015-07-23,三民第一,150.0
2015-07-23,苓雅市場,133.0
2015-07-23,中華市場,150.0
2015-07-23,旗山第一,130.0
2015-07-23,鳳山第一,0.0
2015-07-23,岡山文賢,98.0
2015-07-23,大寮大發,126.0
2015-07-23,橋頭市場,133.0
2015-07-24,國民市場,116.0
2015-07-24,鹽埕示範,133.0
2015-07-24,新興第二,133.0
2015-07-24,三民第二,133.0
2015-07-24,左營第四,133.0
2015-07-24,鼓山第三,150.0
2015-07-24,楠梓市場,100.0
2015-07-24,三民第一,150.0
2015-07-24,苓雅市場,133.0
2015-07-24,中華市場,150.0
2015-07-24,旗山第一,130.0
2015-07-24,鳳山第一,0.0
2015-07-24,岡山文賢,98.0
2015-07-24,大寮大發,126.0
2015-07-24,橋頭市場,133.0
2015-07-25,國民市場,
2015-07-25,鹽埕示範,
2015-07-25,新興第二,
2015-07-25,三民第二,
2015-07-25,左營第四,
2015-07-25,鼓山第三,
2015-07-25,楠梓市場,
2015-07-25,三民第一,
2015-07-25,苓雅市場,
2015-07-25,中華市場,
2015-07-25,旗山第一,
2015-07-25,鳳山第一,
2015-07-25,岡山文賢,
2015-07-25,大寮大發,
2015-07-25,橋頭市場,
2015-07-26,國民市場,
2015-07-26,鹽埕示範,
2015-07-26,新興第二,
2015-07-26,三民第二,
2015-07-26,左營第四,
2015-07-26,鼓山第三,
2015-07-26,楠梓市場,
2015-07-26,三民第一,
2015-07-26,苓雅市場,
2015-07-26,中華市場,
2015-07-26,旗山第一,
2015-07-26,鳳山第一,
2015-07-26,岡山文賢,
2015-07-26,大寮大發,
2015-07-26,橋頭市場,
2015-07-27,國民市場,116.0
2015-07-27,鹽埕示範,133.0
2015-07-27,新興第二,133.0
2015-07-27,三民第二,
2015-07-27,左營第四,133.0
2015-07-27,鼓山第三,150.0
2015-07-27,楠梓市場,100.0
2015-07-27,三民第一,150.0
2015-07-27,苓雅市場,133.0
2015-07-27,中華市場,133.0
2015-07-27,旗山第一,
2015-07-27,鳳山第一,0.0
2015-07-27,岡山文賢,98.0
2015-07-27,大寮大發,126.0
2015-07-27,橋頭市場,133.0
2015-07-28,國民市場,116.0
2015-07-28,鹽埕示範,133.0
2015-07-28,新興第二,133.0
2015-07-28,三民第二,150.0
2015-07-28,左營第四,133.0
2015-07-28,鼓山第三,150.0
2015-07-28,楠梓市場,100.0
2015-07-28,三民第一,150.0
2015-07-28,苓雅市場,133.0
2015-07-28,中華市場,133.0
2015-07-28,旗山第一,130.0
2015-07-28,鳳山第一,0.0
2015-07-28,岡山文賢,98.0
2015-07-28,大寮大發,126.0
2015-07-28,橋頭市場,133.0
2015-07-29,國民市場,125.0
2015-07-29,鹽埕示範,133.0
2015-07-29,新興第二,133.0
2015-07-29,三民第二,133.0
2015-07-29,左營第四,133.0
2015-07-29,鼓山第三,150.0
2015-07-29,楠梓市場,100.0
2015-07-29,三民第一,150.0
2015-07-29,苓雅市場,133.0
2015-07-29,中華市場,133.0
2015-07-29,旗山第一,130.0
2015-07-29,鳳山第一,0.0
2015-07-29,岡山文賢,98.0
2015-07-29,大寮大發,126.0
2015-07-29,橋頭市場,133.0
2015-07-30,國民市場,125.0
2015-07-30,鹽埕示範,
2015-07-30,新興第二,133.0
2015-07-30,三民第二,133.0
2015-07-30,左營第四,133.0
2015-07-30,鼓山第三,150.0
2015-07-30,楠梓市場,100.0
2015-07-30,三民第一,150.0
2015-07-30,苓雅市場,116.0
2015-07-30,中華市場,133.0
2015-07-30,旗山第一,130.0
2015-07-30,鳳山第一,0.0
2015-07-30,岡山文賢,98.0
2015-07-30,大寮大發,132.0
2015-07-30,橋頭市場,133.0
2015-07-31,國民市場,125.0
2015-07-31,鹽埕示範,133.0
2015-07-31,新興第二,133.0
2015-07-31,三民第二,133.0
2015-07-31,左營第四,133.0
2015-07-31,鼓山第三,150.0
2015-07-31,楠梓市場,100.0
2015-07-31,三民第一,150.0
2015-07-31,苓雅市場,116.0
2015-07-31,中華市場,133.0
2015-07-31,旗山第一,130.0
2015-07-31,鳳山第一,0.0
2015-07-31,岡山文賢,98.0
2015-07-31,大寮大發,128.0
2015-07-31,橋頭市場,133.0
2015-08-01,國民市場,
2015-08-01,鹽埕示範,
2015-08-01,新興第二,
2015-08-01,三民第二,
2015-08-01,左營第四,
2015-08-01,鼓山第三,
2015-08-01,楠梓市場,
2015-08-01,三民第一,
2015-08-01,苓雅市場,
2015-08-01,中華市場,
2015-08-01,旗山第一,
2015-08-01,鳳山第一,
2015-08-01,岡山文賢,
2015-08-01,大寮大發,
2015-08-01,橋頭市場,
2015-08-02,國民市場,
2015-08-02,鹽埕示範,
2015-08-02,新興第二,
2015-08-02,三民第二,
2015-08-02,左營第四,
2015-08-02,鼓山第三,
2015-08-02,楠梓市場,
2015-08-02,三民第一,
2015-08-02,苓雅市場,
2015-08-02,中華市場,
2015-08-02,旗山第一,
2015-08-02,鳳山第一,
2015-08-02,岡山文賢,
2015-08-02,大寮大發,
2015-08-02,橋頭市場,
2015-08-03,國民市場,133.0
2015-08-03,鹽埕示範,133.0
2015-08-03,新興第二,
2015-08-03,三民第二,133.0
2015-08-03,左營第四,133.0
2015-08-03,鼓山第三,150.0
2015-08-03,楠梓市場,117.0
2015-08-03,三民第一,130.0
2015-08-03,苓雅市場,133.0
2015-08-03,中華市場,133.0
2015-08-03,旗山第一,
2015-08-03,鳳山第一,0.0
2015-08-03,岡山文賢,115.0
2015-08-03,大寮大發,128.0
2015-08-03,橋頭市場,133.0
2015-08-04,國民市場,133.0
2015-08-04,鹽埕示範,133.0
2015-08-04,新興第二,133.0
2015-08-04,三民第二,150.0
2015-08-04,左營第四,133.0
2015-08-04,鼓山第三,150.0
2015-08-04,楠梓市場,117.0
2015-08-04,三民第一,130.0
2015-08-04,苓雅市場,133.0
2015-08-04,中華市場,133.0
2015-08-04,旗山第一,130.0
2015-08-04,鳳山第一,0.0
2015-08-04,岡山文賢,115.0
2015-08-04,大寮大發,128.0
2015-08-04,橋頭市場,133.0
2015-08-05,國民市場,133.0
2015-08-05,鹽埕示範,133.0
2015-08-05,新興第二,133.0
2015-08-05,三民第二,150.0
2015-08-05,左營第四,133.0
2015-08-05,鼓山第三,150.0
2015-08-05,楠梓市場,117.0
2015-08-05,三民第一,130.0
2015-08-05,苓雅市場,133.0
2015-08-05,中華市場,
2015-08-05,旗山第一,130.0
2015-08-05,鳳山第一,0.0
2015-08-05,岡山文賢,115.0
2015-08-05,大寮大發,128.0
2015-08-05,橋頭市場,133.0
2015-08-06,國民市場,133.0
2015-08-06,鹽埕示範,133.0
2015-08-06,新興第二,133.0
2015-08-06,三民第二,150.0
2015-08-06,左營第四,133.0
2015-08-06,鼓山第三,150.0
2015-08-06,楠梓市場,117.0
2015-08-06,三民第一,130.0
2015-08-06,苓雅市場,133.0
2015-08-06,中華市場,133.0
2015-08-06,旗山第一,130.0
2015-08-06,鳳山第一,0.0
2015-08-06,岡山文賢,115.0
2015-08-06,大寮大發,128.0
2015-08-06,橋頭市場,133.0
2015-08-07,國民市場,133.0
2015-08-07,鹽埕示範,133.0
2015-08-07,新興第二,133.0
2015-08-07,三民第二,
2015-08-07,左營第四,133.0
2015-08-07,鼓山第三,150.0
2015-08-07,楠梓市場,117.0
2015-08-07,三民第一,130.0
2015-08-07,苓雅市場,133.0
2015-08-07,中華市場,133.0
2015-08-07,旗山第一,130.0
2015-08-07,鳳山第一,0.0
2015-08-07,岡山文賢,115.0
2015-08-07,大寮大發,128.0
2015-08-07,橋頭市場,133.0
2015-08-08,國民市場,
2015-08-08,鹽埕示範,
2015-08-08,新興第二,
2015-08-08,三民第二,
2015-08-08,左營第四,
2015-08-08,鼓山第三,
2015-08-08,楠梓市場,
2015-08-08,三民第一,
2015-08-08,苓雅市場,
2015-08-08,中華市場,
2015-08-08,旗山第一,
2015-08-08,鳳山第一,
2015-08-08,岡山文賢,
2015-08-08,大寮大發,
2015-08-08,橋頭市場,
2015-08-09,國民市場,
2015-08-09,鹽埕示範,
2015-08-09,新興第二,
2015-08-09,三民第二,
2015-08-09,左營第四,
2015-08-09,鼓山第三,
2015-08-09,楠梓市場,
2015-08-09,三民第一,
2015-08-09,苓雅市場,
2015-08-09,中華市場,
2015-08-09,旗山第一,
2015-08-09,鳳山第一,
2015-08-09,岡山文賢,
2015-08-09,大寮大發,
2015-08-09,橋頭市場,
2015-08-10,國民市場,
2015-08-10,鹽埕示範,133.0
2015-08-10,新興第二,133.0
2015-08-10,三民第二,166.0
2015-08-10,左營第四,133.0
2015-08-10,鼓山第三,150.0
2015-08-10,楠梓市場,117.0
2015-08-10,三民第一,130.0
2015-08-10,苓雅市場,133.0
2015-08-10,中華市場,150.0
2015-08-10,旗山第一,
2015-08-10,鳳山第一,0.0
2015-08-10,岡山文賢,98.0
2015-08-10,大寮大發,128.0
2015-08-10,橋頭市場,133.0
2015-08-11,國民市場,150.0
2015-08-11,鹽埕示範,133.0
2015-08-11,新興第二,133.0
2015-08-11,三民第二,166.0
2015-08-11,左營第四,133.0
2015-08-11,鼓山第三,
2015-08-11,楠梓市場,117.0
2015-08-11,三民第一,130.0
2015-08-11,苓雅市場,133.0
2015-08-11,中華市場,150.0
2015-08-11,旗山第一,110.0
2015-08-11,鳳山第一,0.0
2015-08-11,岡山文賢,98.0
2015-08-11,大寮大發,132.0
2015-08-11,橋頭市場,133.0
2015-08-12,國民市場,150.0
2015-08-12,鹽埕示範,
2015-08-12,新興第二,133.0
2015-08-12,三民第二,166.0
2015-08-12,左營第四,133.0
2015-08-12,鼓山第三,150.0
2015-08-12,楠梓市場,117.0
2015-08-12,三民第一,150.0
2015-08-12,苓雅市場,133.0
2015-08-12,中華市場,150.0
2015-08-12,旗山第一,110.0
2015-08-12,鳳山第一,0.0
2015-08-12,岡山文賢,98.0
2015-08-12,大寮大發,132.0
2015-08-12,橋頭市場,133.0
2015-08-13,國民市場,150.0
2015-08-13,鹽埕示範,133.0
2015-08-13,新興第二,133.0
2015-08-13,三民第二,166.0
2015-08-13,左營第四,
2015-08-13,鼓山第三,150.0
2015-08-13,楠梓市場,117.0
2015-08-13,三民第一,150.0
2015-08-13,苓雅市場,133.0
2015-08-13,中華市場,150.0
2015-08-13,旗山第一,110.0
2015-08-13,鳳山第一,0.0
2015-08-13,岡山文賢,98.0
2015-08-13,大寮大發,132.0
2015-08-13,橋頭市場,133.0
2015-08-14,國民市場,150.0
2015-08-14,鹽埕示範,150.0
2015-08-14,新興第二,
2015-08-14,三民第二,166.0
2015-08-14,左營第四,133.0
2015-08-14,鼓山第三,150.0
2015-08-14,楠梓市場,117.0
2015-08-14,三民第一,
2015-08-14,苓雅市場,150.0
2015-08-14,中華市場,150.0
2015-08-14,旗山第一,110.0
2015-08-14,鳳山第一,0.0
2015-08-14,岡山文賢,98.0
2015-08-14,大寮大發,140.0
2015-08-14,橋頭市場,133.0
2015-08-15,國民市場,
2015-08-15,鹽埕示範,
2015-08-15,新興第二,
2015-08-15,三民第二,
2015-08-15,左營第四,
2015-08-15,鼓山第三,
2015-08-15,楠梓市場,
2015-08-15,三民第一,
2015-08-15,苓雅市場,
2015-08-15,中華市場,
2015-08-15,旗山第一,
2015-08-15,鳳山第一,
2015-08-15,岡山文賢,
2015-08-15,大寮大發,
2015-08-15,橋頭市場,
2015-08-16,國民市場,
2015-08-16,鹽埕示範,
2015-08-16,新興第二,
2015-08-16,三民第二,
2015-08-16,左營第四,
2015-08-16,鼓山第三,
2015-08-16,楠梓市場,
2015-08-16,三民第一,
2015-08-16,苓雅市場,
2015-08-16,中華市場,
2015-08-16,旗山第一,
2015-08-16,鳳山第一,
2015-08-16,岡山文賢,
2015-08-16,大寮大發,
2015-08-16,橋頭市場,
2015-08-17,國民市場,150.0
2015-08-17,鹽埕示範,150.0
2015-08-17,新興第二,133.0
2015-08-17,三民第二,166.0
2015-08-17,左營第四,133.0
2015-08-17,鼓山第三,150.0
2015-08-17,楠梓市場,117.0
2015-08-17,三民第一,150.0
2015-08-17,苓雅市場,150.0
2015-08-17,中華市場,150.0
2015-08-17,旗山第一,
2015-08-17,鳳山第一,0.0
2015-08-17,岡山文賢,115.0
2015-08-17,大寮大發,140.0
2015-08-17,橋頭市場,133.0
2015-08-18,國民市場,150.0
2015-08-18,鹽埕示範,150.0
2015-08-18,新興第二,133.0
2015-08-18,三民第二,166.0
2015-08-18,左營第四,133.0
2015-08-18,鼓山第三,150.0
2015-08-18,楠梓市場,117.0
2015-08-18,三民第一,150.0
2015-08-18,苓雅市場,150.0
2015-08-18,中華市場,150.0
2015-08-18,旗山第一,110.0
2015-08-18,鳳山第一,0.0
2015-08-18,岡山文賢,115.0
2015-08-18,大寮大發,136.0
2015-08-18,橋頭市場,133.0
2015-08-19,國民市場,
2015-08-19,鹽埕示範,150.0
2015-08-19,新興第二,133.0
2015-08-19,三民第二,166.0
2015-08-19,左營第四,133.0
2015-08-19,鼓山第三,150.0
2015-08-19,楠梓市場,117.0
2015-08-19,三民第一,150.0
2015-08-19,苓雅市場,
2015-08-19,中華市場,150.0
2015-08-19,旗山第一,110.0
2015-08-19,鳳山第一,0.0
2015-08-19,岡山文賢,115.0
2015-08-19,大寮大發,136.0
2015-08-19,橋頭市場,133.0
2015-08-20,國民市場,150.0
2015-08-20,鹽埕示範,150.0
2015-08-20,新興第二,133.0
2015-08-20,三民第二,
2015-08-20,左營第四,133.0
2015-08-20,鼓山第三,150.0
2015-08-20,楠梓市場,117.0
2015-08-20,三民第一,150.0
2015-08-20,苓雅市場,150.0
2015-08-20,中華市場,150.0
2015-08-20,旗山第一,110.0
2015-08-20,鳳山第一,0.0
2015-08-20,岡山文賢,115.0
2015-08-20,大寮大發,136.0
2015-08-20,橋頭市場,133.0
2015-08-21,國民市場,150.0
2015-08-21,鹽埕示範,150.0
2015-08-21,新興第二,133.0
2015-08-21,三民第二,166.0
2015-08-21,左營第四,133.0
2015-08-21,鼓山第三,150.0
2015-08-21,楠梓市場,117.0
2015-08-21,三民第一,150.0
2015-08-21,苓雅市場,150.0
2015-08-21,中華市場,150.0
2015-08-21,旗山第一,110.0
2015-08-21,鳳山第一,0.0
2015-08-21,岡山文賢,115.0
2015-08-21,大寮大發,136.0
2015-08-21,橋頭市場,133.0
2015-08-22,國民市場,
2015-08-22,鹽埕示範,
2015-08-22,新興第二,
2015-08-22,三民第二,
2015-08-22,左營第四,
2015-08-22,鼓山第三,
2015-08-22,楠梓市場,
2015-08-22,三民第一,
2015-08-22,苓雅市場,
2015-08-22,中華市場,
2015-08-22,旗山第一,
2015-08-22,鳳山第一,
2015-08-22,岡山文賢,
2015-08-22,大寮大發,
2015-08-22,橋頭市場,
2015-08-23,國民市場,
2015-08-23,鹽埕示範,
2015-08-23,新興第二,
2015-08-23,三民第二,
2015-08-23,左營第四,
2015-08-23,鼓山第三,
2015-08-23,楠梓市場,
2015-08-23,三民第一,
2015-08-23,苓雅市場,
2015-08-23,中華市場,
2015-08-23,旗山第一,
2015-08-23,鳳山第一,
2015-08-23,岡山文賢,
2015-08-23,大寮大發,
2015-08-23,橋頭市場,
2015-08-24,國民市場,150.0
2015-08-24,鹽埕示範,150.0
2015-08-24,新興第二,133.0
2015-08-24,三民第二,166.0
2015-08-24,左營第四,133.0
2015-08-24,鼓山第三,
2015-08-24,楠梓市場,117.0
2015-08-24,三民第一,150.0
2015-08-24,苓雅市場,150.0
2015-08-24,中華市場,150.0
2015-08-24,旗山第一,110.0
2015-08-24,鳳山第一,0.0
2015-08-24,岡山文賢,132.0
2015-08-24,大寮大發,136.0
2015-08-24,橋頭市場,133.0
2015-08-25,國民市場,150.0
2015-08-25,鹽埕示範,150.0
2015-08-25,新興第二,133.0
2015-08-25,三民第二,166.0
2015-08-25,左營第四,133.0
2015-08-25,鼓山第三,150.0
2015-08-25,楠梓市場,117.0
2015-08-25,三民第一,
2015-08-25,苓雅市場,150.0
2015-08-25,中華市場,166.0
2015-08-25,旗山第一,110.0
2015-08-25,鳳山第一,0.0
2015-08-25,岡山文賢,132.0
2015-08-25,大寮大發,136.0
2015-08-25,橋頭市場,133.0
2015-08-26,國民市場,150.0
2015-08-26,鹽埕示範,150.0
2015-08-26,新興第二,133.0
2015-08-26,三民第二,166.0
2015-08-26,左營第四,
2015-08-26,鼓山第三,150.0
2015-08-26,楠梓市場,117.0
2015-08-26,三民第一,150.0
2015-08-26,苓雅市場,150.0
2015-08-26,中華市場,166.0
2015-08-26,旗山第一,110.0
2015-08-26,鳳山第一,0.0
2015-08-26,岡山文賢,132.0
2015-08-26,大寮大發,136.0
2015-08-26,橋頭市場,133.0
2015-08-27,國民市場,150.0
2015-08-27,鹽埕示範,150.0
2015-08-27,新興第二,
2015-08-27,三民第二,166.0
2015-08-27,左營第四,133.0
2015-08-27,鼓山第三,150.0
2015-08-27,楠梓市場,117.0
2015-08-27,三民第一,150.0
2015-08-27,苓雅市場,150.0
2015-08-27,中華市場,166.0
2015-08-27,旗山第一,110.0
2015-08-27,鳳山第一,0.0
2015-08-27,岡山文賢,132.0
2015-08-27,大寮大發,136.0
2015-08-27,橋頭市場,133.0
2015-08-28,國民市場,150.0
2015-08-28,鹽埕示範,150.0
2015-08-28,新興第二,133.0
2015-08-28,三民第二,166.0
2015-08-28,左營第四,133.0
2015-08-28,鼓山第三,150.0
2015-08-28,楠梓市場,117.0
2015-08-28,三民第一,150.0
2015-08-28,苓雅市場,133.0
2015-08-28,中華市場,166.0
2015-08-28,旗山第一,110.0
2015-08-28,鳳山第一,0.0
2015-08-28,岡山文賢,132.0
2015-08-28,大寮大發,136.0
2015-08-28,橋頭市場,
2015-08-29,國民市場,
2015-08-29,鹽埕示範,
2015-08-29,新興第二,
2015-08-29,三民第二,
2015-08-29,左營第四,
2015-08-29,鼓山第三,
2015-08-29,楠梓市場,
2015-08-29,三民第一,
2015-08-29,苓雅市場,
2015-08-29,中華市場,
2015-08-29,旗山第一,
2015-08-29,鳳山第一,
2015-08-29,岡山文賢,
2015-08-29,大寮大發,
2015-08-29,橋頭市場,
2015-08-30,國民市場,
2015-08-30,鹽埕示範,
2015-08-30,新興第二,
2015-08-30,三民第二,
2015-08-30,左營第四,
2015-08-30,鼓山第三,
2015-08-30,楠梓市場,
2015-08-30,三民第一,
2015-08-30,苓雅市場,
2015-08-30,中華市場,
2015-08-30,旗山第一,
2015-08-30,鳳山第一,
2015-08-30,岡山文賢,
2015-08-30,大寮大發,
2015-08-30,橋頭市場,
2015-08-31,國民市場,150.0
2015-08-31,鹽埕示範,
2015-08-31,新興第二,133.0
2015-08-31,三民第二,166.0
2015-08-31,左營第四,133.0
2015-08-31,鼓山第三,150.0
2015-08-31,楠梓市場,117.0
2015-08-31,三民第一,150.0
2015-08-31,苓雅市場,133.0
2015-08-31,中華市場,
2015-08-31,旗山第一,
2015-08-31,鳳山第一,0.0
2015-08-31,岡山文賢,132.0
2015-08-31,大寮大發,136.0
2015-08-31,橋頭市場,
2015-09-01,國民市場,150.0
2015-09-01,鹽埕示範,150.0
2015-09-01,新興第二,133.0
2015-09-01,三民第二,166.0
2015-09-01,左營第四,133.0
2015-09-01,鼓山第三,150.0
2015-09-01,楠梓市場,117.0
2015-09-01,三民第一,150.0
2015-09-01,苓雅市場,133.0
2015-09-01,中華市場,166.0
2015-09-01,旗山第一,110.0
2015-09-01,鳳山第一,0.0
2015-09-01,岡山文賢,132.0
2015-09-01,大寮大發,136.0
2015-09-01,橋頭市場,150.0
2015-09-02,國民市場,150.0
2015-09-02,鹽埕示範,150.0
2015-09-02,新興第二,133.0
2015-09-02,三民第二,
2015-09-02,左營第四,133.0
2015-09-02,鼓山第三,150.0
2015-09-02,楠梓市場,117.0
2015-09-02,三民第一,150.0
2015-09-02,苓雅市場,133.0
2015-09-02,中華市場,166.0
2015-09-02,旗山第一,110.0
2015-09-02,鳳山第一,0.0
2015-09-02,岡山文賢,132.0
2015-09-02,大寮大發,136.0
2015-09-02,橋頭市場,150.0
2015-09-03,國民市場,
2015-09-03,鹽埕示範,150.0
2015-09-03,新興第二,133.0
2015-09-03,三民第二,166.0
2015-09-03,左營第四,133.0
2015-09-03,鼓山第三,150.0
2015-09-03,楠梓市場,117.0
2015-09-03,三民第一,150.0
2015-09-03,苓雅市場,
2015-09-03,中華市場,166.0
2015-09-03,旗山第一,110.0
2015-09-03,鳳山第一,0.0
2015-09-03,岡山文賢,132.0
2015-09-03,大寮大發,136.0
2015-09-03,橋頭市場,150.0
2015-09-04,國民市場,150.0
2015-09-04,鹽埕示範,150.0
2015-09-04,新興第二,133.0
2015-09-04,三民第二,166.0
2015-09-04,左營第四,133.0
2015-09-04,鼓山第三,150.0
2015-09-04,楠梓市場,117.0
2015-09-04,三民第一,150.0
2015-09-04,苓雅市場,133.0
2015-09-04,中華市場,166.0
2015-09-04,旗山第一,110.0
2015-09-04,鳳山第一,0.0
2015-09-04,岡山文賢,132.0
2015-09-04,大寮大發,136.0
2015-09-04,橋頭市場,150.0
2015-09-05,國民市場,
2015-09-05,鹽埕示範,
2015-09-05,新興第二,
2015-09-05,三民第二,
2015-09-05,左營第四,
2015-09-05,鼓山第三,
2015-09-05,楠梓市場,
2015-09-05,三民第一,
2015-09-05,苓雅市場,
2015-09-05,中華市場,
2015-09-05,旗山第一,
2015-09-05,鳳山第一,
2015-09-05,岡山文賢,
2015-09-05,大寮大發,
2015-09-05,橋頭市場,
2015-09-06,國民市場,
2015-09-06,鹽埕示範,
2015-09-06,新興第二,
2015-09-06,三民第二,
2015-09-06,左營第四,
2015-09-06,鼓山第三,
2015-09-06,楠梓市場,
2015-09-06,三民第一,
2015-09-06,苓雅市場,
2015-09-06,中華市場,
2015-09-06,旗山第一,
2015-09-06,鳳山第一,
2015-09-06,岡山文賢,
2015-09-06,大寮大發,
2015-09-06,橋頭市場,
2015-09-07,國民市場,133.0
2015-09-07,鹽埕示範,
2015-09-07,新興第二,133.0
2015-09-07,三民第二,166.0
2015-09-07,左營第四,133.0
2015-09-07,鼓山第三,150.0
2015-09-07,楠梓市場,117.0
2015-09-07,三民第一,150.0
2015-09-07,苓雅市場,133.0
2015-09-07,中華市場,166.0
2015-09-07,旗山第一,
2015-09-07,鳳山第一,0.0
2015-09-07,岡山文賢,148.0
2015-09-07,大寮大發,136.0
2015-09-07,橋頭市場,150.0
2015-09-08,國民市場,
2015-09-08,鹽埕示範,150.0
2015-09-08,新興第二,133.0
2015-09-08,三民第二,166.0
2015-09-08,左營第四,133.0
2015-09-08,鼓山第三,150.0
2015-09-08,楠梓市場,117.0
2015-09-08,三民第一,150.0
2015-09-08,苓雅市場,133.0
2015-09-08,中華市場,166.0
2015-09-08,旗山第一,110.0
2015-09-08,鳳山第一,0.0
2015-09-08,岡山文賢,148.0
2015-09-08,大寮大發,136.0
2015-09-08,橋頭市場,150.0
2015-09-09,國民市場,133.0
2015-09-09,鹽埕示範,150.0
2015-09-09,新興第二,133.0
2015-09-09,三民第二,166.0
2015-09-09,左營第四,133.0
2015-09-09,鼓山第三,150.0
2015-09-09,楠梓市場,117.0
2015-09-09,三民第一,150.0
2015-09-09,苓雅市場,133.0
2015-09-09,中華市場,166.0
2015-09-09,旗山第一,110.0
2015-09-09,鳳山第一,0.0
2015-09-09,岡山文賢,148.0
2015-09-09,大寮大發,136.0
2015-09-09,橋頭市場,150.0
2015-09-10,國民市場,133.0
2015-09-10,鹽埕示範,150.0
2015-09-10,新興第二,
2015-09-10,三民第二,166.0
2015-09-10,左營第四,133.0
2015-09-10,鼓山第三,150.0
2015-09-10,楠梓市場,117.0
2015-09-10,三民第一,
2015-09-10,苓雅市場,133.0
2015-09-10,中華市場,166.0
2015-09-10,旗山第一,114.0
2015-09-10,鳳山第一,0.0
2015-09-10,岡山文賢,148.0
2015-09-10,大寮大發,136.0
2015-09-10,橋頭市場,150.0
2015-09-11,國民市場,133.0
2015-09-11,鹽埕示範,150.0
2015-09-11,新興第二,133.0
2015-09-11,三民第二,166.0
2015-09-11,左營第四,133.0
2015-09-11,鼓山第三,150.0
2015-09-11,楠梓市場,117.0
2015-09-11,三民第一,150.0
2015-09-11,苓雅市場,133.0
2015-09-11,中華市場,
2015-09-11,旗山第一,114.0
2015-09-11,鳳山第一,0.0
2015-09-11,岡山文賢,148.0
2015-09-11,大寮大發,136.0
2015-09-11,橋頭市場,150.0
2015-09-12,國民市場,
2015-09-12,鹽埕示範,
2015-09-12,新興第二,
2015-09-12,三民第二,
2015-09-12,左營第四,
2015-09-12,鼓山第三,
2015-09-12,楠梓市場,
2015-09-12,三民第一,
2015-09-12,苓雅市場,
2015-09-12,中華市場,
2015-09-12,旗山第一,
2015-09-12,鳳山第一,
2015-09-12,岡山文賢,
2015-09-12,大寮大發,
2015-09-12,橋頭市場,
2015-09-13,國民市場,
2015-09-13,鹽埕示範,
2015-09-13,新興第二,
2015-09-13,三民第二,
2015-09-13,左營第四,
2015-09-13,鼓山第三,
2015-09-13,楠梓市場,
2015-09-13,三民第一,
2015-09-13,苓雅市場,
2015-09-13,中華市場,
2015-09-13,旗山第一,
2015-09-13,鳳山第一,
2015-09-13,岡山文賢,
2015-09-13,大寮大發,
2015-09-13,橋頭市場,
2015-09-14,國民市場,200.0
2015-09-14,鹽埕示範,150.0
2015-09-14,新興第二,133.0
2015-09-14,三民第二,150.0
2015-09-14,左營第四,133.0
2015-09-14,鼓山第三,150.0
2015-09-14,楠梓市場,117.0
2015-09-14,三民第一,150.0
2015-09-14,苓雅市場,133.0
2015-09-14,中華市場,166.0
2015-09-14,旗山第一,
2015-09-14,鳳山第一,0.0
2015-09-14,岡山文賢,200.0
2015-09-14,大寮大發,144.0
2015-09-14,橋頭市場,150.0
2015-09-15,國民市場,200.0
2015-09-15,鹽埕示範,150.0
2015-09-15,新興第二,133.0
2015-09-15,三民第二,
2015-09-15,左營第四,133.0
2015-09-15,鼓山第三,150.0
2015-09-15,楠梓市場,117.0
2015-09-15,三民第一,150.0
2015-09-15,苓雅市場,133.0
2015-09-15,中華市場,166.0
2015-09-15,旗山第一,114.0
2015-09-15,鳳山第一,0.0
2015-09-15,岡山文賢,200.0
2015-09-15,大寮大發,144.0
2015-09-15,橋頭市場,150.0
2015-09-16,國民市場,200.0
2015-09-16,鹽埕示範,150.0
2015-09-16,新興第二,133.0
2015-09-16,三民第二,150.0
2015-09-16,左營第四,133.0
2015-09-16,鼓山第三,150.0
2015-09-16,楠梓市場,117.0
2015-09-16,三民第一,150.0
2015-09-16,苓雅市場,133.0
2015-09-16,中華市場,166.0
2015-09-16,旗山第一,114.0
2015-09-16,鳳山第一,0.0
2015-09-16,岡山文賢,200.0
2015-09-16,大寮大發,144.0
2015-09-16,橋頭市場,150.0
2015-09-17,國民市場,200.0
2015-09-17,鹽埕示範,150.0
2015-09-17,新興第二,133.0
2015-09-17,三民第二,166.0
2015-09-17,左營第四,133.0
2015-09-17,鼓山第三,
2015-09-17,楠梓市場,
2015-09-17,三民第一,150.0
2015-09-17,苓雅市場,133.0
2015-09-17,中華市場,166.0
2015-09-17,旗山第一,114.0
2015-09-17,鳳山第一,0.0
2015-09-17,岡山文賢,200.0
2015-09-17,大寮大發,144.0
2015-09-17,橋頭市場,150.0
2015-09-18,國民市場,200.0
2015-09-18,鹽埕示範,
2015-09-18,新興第二,133.0
2015-09-18,三民第二,166.0
2015-09-18,左營第四,133.0
2015-09-18,鼓山第三,150.0
2015-09-18,楠梓市場,167.0
2015-09-18,三民第一,
2015-09-18,苓雅市場,133.0
2015-09-18,中華市場,166.0
2015-09-18,旗山第一,114.0
2015-09-18,鳳山第一,0.0
2015-09-18,岡山文賢,200.0
2015-09-18,大寮大發,144.0
2015-09-18,橋頭市場,150.0
2015-09-19,國民市場,
2015-09-19,鹽埕示範,
2015-09-19,新興第二,
2015-09-19,三民第二,
2015-09-19,左營第四,
2015-09-19,鼓山第三,
2015-09-19,楠梓市場,
2015-09-19,三民第一,
2015-09-19,苓雅市場,
2015-09-19,中華市場,
2015-09-19,旗山第一,
2015-09-19,鳳山第一,
2015-09-19,岡山文賢,
2015-09-19,大寮大發,
2015-09-19,橋頭市場,
2015-09-20,國民市場,
2015-09-20,鹽埕示範,
2015-09-20,新興第二,
2015-09-20,三民第二,
2015-09-20,左營第四,
2015-09-20,鼓山第三,
2015-09-20,楠梓市場,
2015-09-20,三民第一,
2015-09-20,苓雅市場,
2015-09-20,中華市場,
2015-09-20,旗山第一,
2015-09-20,鳳山第一,
2015-09-20,岡山文賢,
2015-09-20,大寮大發,
2015-09-20,橋頭市場,
2015-09-21,國民市場,
2015-09-21,鹽埕示範,150.0
2015-09-21,新興第二,133.0
2015-09-21,三民第二,166.0
2015-09-21,左營第四,133.0
2015-09-21,鼓山第三,150.0
2015-09-21,楠梓市場,167.0
2015-09-21,三民第一,150.0
2015-09-21,苓雅市場,133.0
2015-09-21,中華市場,
2015-09-21,旗山第一,
2015-09-21,鳳山第一,0.0
2015-09-21,岡山文賢,200.0
2015-09-21,大寮大發,160.0
2015-09-21,橋頭市場,150.0
2015-09-22,國民市場,166.0
2015-09-22,鹽埕示範,150.0
2015-09-22,新興第二,
2015-09-22,三民第二,166.0
2015-09-22,左營第四,133.0
2015-09-22,鼓山第三,150.0
2015-09-22,楠梓市場,167.0
2015-09-22,三民第一,150.0
2015-09-22,苓雅市場,133.0
2015-09-22,中華市場,166.0
2015-09-22,旗山第一,114.0
2015-09-22,鳳山第一,0.0
2015-09-22,岡山文賢,200.0
2015-09-22,大寮大發,160.0
2015-09-22,橋頭市場,150.0
2015-09-23,國民市場,166.0
2015-09-23,鹽埕示範,150.0
2015-09-23,新興第二,133.0
2015-09-23,三民第二,166.0
2015-09-23,左營第四,133.0
2015-09-23,鼓山第三,150.0
2015-09-23,楠梓市場,167.0
2015-09-23,三民第一,150.0
2015-09-23,苓雅市場,133.0
2015-09-23,中華市場,166.0
2015-09-23,旗山第一,114.0
2015-09-23,鳳山第一,0.0
2015-09-23,岡山文賢,200.0
2015-09-23,大寮大發,160.0
2015-09-23,橋頭市場,150.0
2015-09-24,國民市場,166.0
2015-09-24,鹽埕示範,150.0
2015-09-24,新興第二,133.0
2015-09-24,三民第二,166.0
2015-09-24,左營第四,
2015-09-24,鼓山第三,150.0
2015-09-24,楠梓市場,167.0
2015-09-24,三民第一,150.0
2015-09-24,苓雅市場,133.0
2015-09-24,中華市場,166.0
2015-09-24,旗山第一,114.0
2015-09-24,鳳山第一,0.0
2015-09-24,岡山文賢,200.0
2015-09-24,大寮大發,152.0
2015-09-24,橋頭市場,150.0
2015-09-25,國民市場,
2015-09-25,鹽埕示範,150.0
2015-09-25,新興第二,133.0
2015-09-25,三民第二,166.0
2015-09-25,左營第四,133.0
2015-09-25,鼓山第三,150.0
2015-09-25,楠梓市場,167.0
2015-09-25,三民第一,150.0
2015-09-25,苓雅市場,
2015-09-25,中華市場,166.0
2015-09-25,旗山第一,120.0
2015-09-25,鳳山第一,0.0
2015-09-25,岡山文賢,200.0
2015-09-25,大寮大發,156.0
2015-09-25,橋頭市場,150.0
2015-09-26,國民市場,
2015-09-26,鹽埕示範,
2015-09-26,新興第二,
2015-09-26,三民第二,
2015-09-26,左營第四,
2015-09-26,鼓山第三,
2015-09-26,楠梓市場,
2015-09-26,三民第一,
2015-09-26,苓雅市場,
2015-09-26,中華市場,
2015-09-26,旗山第一,
2015-09-26,鳳山第一,
2015-09-26,岡山文賢,
2015-09-26,大寮大發,
2015-09-26,橋頭市場,
2015-09-27,國民市場,
2015-09-27,鹽埕示範,
2015-09-27,新興第二,
2015-09-27,三民第二,
2015-09-27,左營第四,
2015-09-27,鼓山第三,
2015-09-27,楠梓市場,
2015-09-27,三民第一,
2015-09-27,苓雅市場,
2015-09-27,中華市場,
2015-09-27,旗山第一,
2015-09-27,鳳山第一,
2015-09-27,岡山文賢,
2015-09-27,大寮大發,
2015-09-27,橋頭市場,
2015-09-28,國民市場,
2015-09-28,鹽埕示範,
2015-09-28,新興第二,
2015-09-28,三民第二,
2015-09-28,左營第四,
2015-09-28,鼓山第三,
2015-09-28,楠梓市場,
2015-09-28,三民第一,
2015-09-28,苓雅市場,
2015-09-28,中華市場,
2015-09-28,旗山第一,
2015-09-28,鳳山第一,
2015-09-28,岡山文賢,
2015-09-28,大寮大發,
2015-09-28,橋頭市場,
2015-09-29,國民市場,
2015-09-29,鹽埕示範,
2015-09-29,新興第二,
2015-09-29,三民第二,
2015-09-29,左營第四,
2015-09-29,鼓山第三,
2015-09-29,楠梓市場,
2015-09-29,三民第一,
2015-09-29,苓雅市場,
2015-09-29,中華市場,
2015-09-29,旗山第一,120.0
2015-09-29,鳳山第一,
2015-09-29,岡山文賢,200.0
2015-09-29,大寮大發,
2015-09-29,橋頭市場,
2015-09-30,國民市場,150.0
2015-09-30,鹽埕示範,150.0
2015-09-30,新興第二,133.0
2015-09-30,三民第二,
2015-09-30,左營第四,133.0
2015-09-30,鼓山第三,200.0
2015-09-30,楠梓市場,167.0
2015-09-30,三民第一,150.0
2015-09-30,苓雅市場,133.0
2015-09-30,中華市場,166.0
2015-09-30,旗山第一,120.0
2015-09-30,鳳山第一,0.0
2015-09-30,岡山文賢,200.0
2015-09-30,大寮大發,
2015-09-30,橋頭市場,133.0
2015-10-01,國民市場,150.0
2015-10-01,鹽埕示範,150.0
2015-10-01,新興第二,133.0
2015-10-01,三民第二,183.0
2015-10-01,左營第四,
2015-10-01,鼓山第三,
2015-10-01,楠梓市場,167.0
2015-10-01,三民第一,150.0
2015-10-01,苓雅市場,166.0
2015-10-01,中華市場,166.0
2015-10-01,旗山第一,120.0
2015-10-01,鳳山第一,0.0
2015-10-01,岡山文賢,200.0
2015-10-01,大寮大發,144.0
2015-10-01,橋頭市場,133.0
2015-10-02,國民市場,150.0
2015-10-02,鹽埕示範,150.0
2015-10-02,新興第二,133.0
2015-10-02,三民第二,183.0
2015-10-02,左營第四,133.0
2015-10-02,鼓山第三,200.0
2015-10-02,楠梓市場,167.0
2015-10-02,三民第一,150.0
2015-10-02,苓雅市場,166.0
2015-10-02,中華市場,166.0
2015-10-02,旗山第一,120.0
2015-10-02,鳳山第一,0.0
2015-10-02,岡山文賢,200.0
2015-10-02,大寮大發,144.0
2015-10-02,橋頭市場,133.0
2015-10-03,國民市場,
2015-10-03,鹽埕示範,
2015-10-03,新興第二,
2015-10-03,三民第二,
2015-10-03,左營第四,
2015-10-03,鼓山第三,
2015-10-03,楠梓市場,
2015-10-03,三民第一,
2015-10-03,苓雅市場,
2015-10-03,中華市場,
2015-10-03,旗山第一,
2015-10-03,鳳山第一,
2015-10-03,岡山文賢,
2015-10-03,大寮大發,
2015-10-03,橋頭市場,
2015-10-04,國民市場,
2015-10-04,鹽埕示範,
2015-10-04,新興第二,
2015-10-04,三民第二,
2015-10-04,左營第四,
2015-10-04,鼓山第三,
2015-10-04,楠梓市場,
2015-10-04,三民第一,
2015-10-04,苓雅市場,
2015-10-04,中華市場,
2015-10-04,旗山第一,
2015-10-04,鳳山第一,
2015-10-04,岡山文賢,
2015-10-04,大寮大發,
2015-10-04,橋頭市場,
2015-10-05,國民市場,200.0
2015-10-05,鹽埕示範,150.0
2015-10-05,新興第二,133.0
2015-10-05,三民第二,183.0
2015-10-05,左營第四,133.0
2015-10-05,鼓山第三,200.0
2015-10-05,楠梓市場,167.0
2015-10-05,三民第一,150.0
2015-10-05,苓雅市場,166.0
2015-10-05,中華市場,166.0
2015-10-05,旗山第一,
2015-10-05,鳳山第一,0.0
2015-10-05,岡山文賢,200.0
2015-10-05,大寮大發,146.0
2015-10-05,橋頭市場,133.0
2015-10-06,國民市場,200.0
2015-10-06,鹽埕示範,
2015-10-06,新興第二,133.0
2015-10-06,三民第二,
2015-10-06,左營第四,133.0
2015-10-06,鼓山第三,200.0
2015-10-06,楠梓市場,167.0
2015-10-06,三民第一,150.0
2015-10-06,苓雅市場,166.0
2015-10-06,中華市場,166.0
2015-10-06,旗山第一,120.0
2015-10-06,鳳山第一,0.0
2015-10-06,岡山文賢,200.0
2015-10-06,大寮大發,154.0
2015-10-06,橋頭市場,133.0
2015-10-07,國民市場,200.0
2015-10-07,鹽埕示範,150.0
2015-10-07,新興第二,167.0
2015-10-07,三民第二,183.0
2015-10-07,左營第四,150.0
2015-10-07,鼓山第三,200.0
2015-10-07,楠梓市場,167.0
2015-10-07,三民第一,167.0
2015-10-07,苓雅市場,167.0
2015-10-07,中華市場,
2015-10-07,旗山第一,120.0
2015-10-07,鳳山第一,0.0
2015-10-07,岡山文賢,200.0
2015-10-07,大寮大發,160.0
2015-10-07,橋頭市場,133.0
2015-10-08,國民市場,200.0
2015-10-08,鹽埕示範,150.0
2015-10-08,新興第二,
2015-10-08,三民第二,183.0
2015-10-08,左營第四,150.0
2015-10-08,鼓山第三,200.0
2015-10-08,楠梓市場,150.0
2015-10-08,三民第一,
2015-10-08,苓雅市場,167.0
2015-10-08,中華市場,166.0
2015-10-08,旗山第一,120.0
2015-10-08,鳳山第一,0.0
2015-10-08,岡山文賢,200.0
2015-10-08,大寮大發,160.0
2015-10-08,橋頭市場,133.0
2015-10-09,國民市場,
2015-10-09,鹽埕示範,
2015-10-09,新興第二,
2015-10-09,三民第二,
2015-10-09,左營第四,
2015-10-09,鼓山第三,
2015-10-09,楠梓市場,
2015-10-09,三民第一,
2015-10-09,苓雅市場,
2015-10-09,中華市場,
2015-10-09,旗山第一,
2015-10-09,鳳山第一,
2015-10-09,岡山文賢,
2015-10-09,大寮大發,
2015-10-09,橋頭市場,
2015-10-10,國民市場,
2015-10-10,鹽埕示範,
2015-10-10,新興第二,
2015-10-10,三民第二,
2015-10-10,左營第四,
2015-10-10,鼓山第三,
2015-10-10,楠梓市場,
2015-10-10,三民第一,
2015-10-10,苓雅市場,
2015-10-10,中華市場,
2015-10-10,旗山第一,
2015-10-10,鳳山第一,
2015-10-10,岡山文賢,
2015-10-10,大寮大發,
2015-10-10,橋頭市場,
2015-10-11,國民市場,
2015-10-11,鹽埕示範,
2015-10-11,新興第二,
2015-10-11,三民第二,
2015-10-11,左營第四,
2015-10-11,鼓山第三,
2015-10-11,楠梓市場,
2015-10-11,三民第一,
2015-10-11,苓雅市場,
2015-10-11,中華市場,
2015-10-11,旗山第一,
2015-10-11,鳳山第一,
2015-10-11,岡山文賢,
2015-10-11,大寮大發,
2015-10-11,橋頭市場,
2015-10-12,國民市場,200.0
2015-10-12,鹽埕示範,150.0
2015-10-12,新興第二,167.0
2015-10-12,三民第二,166.0
2015-10-12,左營第四,150.0
2015-10-12,鼓山第三,200.0
2015-10-12,楠梓市場,150.0
2015-10-12,三民第一,167.0
2015-10-12,苓雅市場,167.0
2015-10-12,中華市場,166.0
2015-10-12,旗山第一,
2015-10-12,鳳山第一,0.0
2015-10-12,岡山文賢,200.0
2015-10-12,大寮大發,152.0
2015-10-12,橋頭市場,133.0
2015-10-13,國民市場,
2015-10-13,鹽埕示範,150.0
2015-10-13,新興第二,167.0
2015-10-13,三民第二,166.0
2015-10-13,左營第四,150.0
2015-10-13,鼓山第三,200.0
2015-10-13,楠梓市場,150.0
2015-10-13,三民第一,167.0
2015-10-13,苓雅市場,
2015-10-13,中華市場,166.0
2015-10-13,旗山第一,120.0
2015-10-13,鳳山第一,0.0
2015-10-13,岡山文賢,200.0
2015-10-13,大寮大發,148.0
2015-10-13,橋頭市場,133.0
2015-10-14,國民市場,150.0
2015-10-14,鹽埕示範,150.0
2015-10-14,新興第二,167.0
2015-10-14,三民第二,166.0
2015-10-14,左營第四,150.0
2015-10-14,鼓山第三,200.0
2015-10-14,楠梓市場,
2015-10-14,三民第一,167.0
2015-10-14,苓雅市場,167.0
2015-10-14,中華市場,166.0
2015-10-14,旗山第一,120.0
2015-10-14,鳳山第一,0.0
2015-10-14,岡山文賢,200.0
2015-10-14,大寮大發,148.0
2015-10-14,橋頭市場,133.0
2015-10-15,國民市場,150.0
2015-10-15,鹽埕示範,150.0
2015-10-15,新興第二,167.0
2015-10-15,三民第二,166.0
2015-10-15,左營第四,
2015-10-15,鼓山第三,
2015-10-15,楠梓市場,150.0
2015-10-15,三民第一,167.0
2015-10-15,苓雅市場,167.0
2015-10-15,中華市場,166.0
2015-10-15,旗山第一,120.0
2015-10-15,鳳山第一,0.0
2015-10-15,岡山文賢,200.0
2015-10-15,大寮大發,140.0
2015-10-15,橋頭市場,133.0
2015-10-16,國民市場,150.0
2015-10-16,鹽埕示範,150.0
2015-10-16,新興第二,
2015-10-16,三民第二,166.0
2015-10-16,左營第四,150.0
2015-10-16,鼓山第三,200.0
2015-10-16,楠梓市場,150.0
2015-10-16,三民第一,
2015-10-16,苓雅市場,167.0
2015-10-16,中華市場,166.0
2015-10-16,旗山第一,120.0
2015-10-16,鳳山第一,0.0
2015-10-16,岡山文賢,200.0
2015-10-16,大寮大發,140.0
2015-10-16,橋頭市場,133.0
2015-10-17,國民市場,
2015-10-17,鹽埕示範,
2015-10-17,新興第二,
2015-10-17,三民第二,
2015-10-17,左營第四,
2015-10-17,鼓山第三,
2015-10-17,楠梓市場,
2015-10-17,三民第一,
2015-10-17,苓雅市場,
2015-10-17,中華市場,
2015-10-17,旗山第一,
2015-10-17,鳳山第一,
2015-10-17,岡山文賢,
2015-10-17,大寮大發,
2015-10-17,橋頭市場,
2015-10-18,國民市場,
2015-10-18,鹽埕示範,
2015-10-18,新興第二,
2015-10-18,三民第二,
2015-10-18,左營第四,
2015-10-18,鼓山第三,
2015-10-18,楠梓市場,
2015-10-18,三民第一,
2015-10-18,苓雅市場,
2015-10-18,中華市場,
2015-10-18,旗山第一,
2015-10-18,鳳山第一,
2015-10-18,岡山文賢,
2015-10-18,大寮大發,
2015-10-18,橋頭市場,
2015-10-19,國民市場,
2015-10-19,鹽埕示範,150.0
2015-10-19,新興第二,167.0
2015-10-19,三民第二,166.0
2015-10-19,左營第四,150.0
2015-10-19,鼓山第三,200.0
2015-10-19,楠梓市場,150.0
2015-10-19,三民第一,167.0
2015-10-19,苓雅市場,167.0
2015-10-19,中華市場,166.0
2015-10-19,旗山第一,
2015-10-19,鳳山第一,0.0
2015-10-19,岡山文賢,183.0
2015-10-19,大寮大發,136.0
2015-10-19,橋頭市場,133.0
2015-10-20,國民市場,166.0
2015-10-20,鹽埕示範,
2015-10-20,新興第二,167.0
2015-10-20,三民第二,
2015-10-20,左營第四,150.0
2015-10-20,鼓山第三,200.0
2015-10-20,楠梓市場,150.0
2015-10-20,三民第一,167.0
2015-10-20,苓雅市場,166.0
2015-10-20,中華市場,166.0
2015-10-20,旗山第一,120.0
2015-10-20,鳳山第一,0.0
2015-10-20,岡山文賢,183.0
2015-10-20,大寮大發,152.0
2015-10-20,橋頭市場,150.0
2015-10-21,國民市場,166.0
2015-10-21,鹽埕示範,150.0
2015-10-21,新興第二,167.0
2015-10-21,三民第二,166.0
2015-10-21,左營第四,150.0
2015-10-21,鼓山第三,200.0
2015-10-21,楠梓市場,150.0
2015-10-21,三民第一,167.0
2015-10-21,苓雅市場,166.0
2015-10-21,中華市場,166.0
2015-10-21,旗山第一,120.0
2015-10-21,鳳山第一,0.0
2015-10-21,岡山文賢,183.0
2015-10-21,大寮大發,146.0
2015-10-21,橋頭市場,150.0
2015-10-22,國民市場,166.0
2015-10-22,鹽埕示範,167.0
2015-10-22,新興第二,167.0
2015-10-22,三民第二,166.0
2015-10-22,左營第四,150.0
2015-10-22,鼓山第三,200.0
2015-10-22,楠梓市場,150.0
2015-10-22,三民第一,167.0
2015-10-22,苓雅市場,166.0
2015-10-22,中華市場,166.0
2015-10-22,旗山第一,130.0
2015-10-22,鳳山第一,0.0
2015-10-22,岡山文賢,183.0
2015-10-22,大寮大發,146.0
2015-10-22,橋頭市場,150.0
2015-10-23,國民市場,
2015-10-23,鹽埕示範,167.0
2015-10-23,新興第二,167.0
2015-10-23,三民第二,166.0
2015-10-23,左營第四,150.0
2015-10-23,鼓山第三,200.0
2015-10-23,楠梓市場,150.0
2015-10-23,三民第一,167.0
2015-10-23,苓雅市場,
2015-10-23,中華市場,166.0
2015-10-23,旗山第一,133.0
2015-10-23,鳳山第一,0.0
2015-10-23,岡山文賢,183.0
2015-10-23,大寮大發,146.0
2015-10-23,橋頭市場,150.0
2015-10-24,國民市場,
2015-10-24,鹽埕示範,
2015-10-24,新興第二,
2015-10-24,三民第二,
2015-10-24,左營第四,
2015-10-24,鼓山第三,
2015-10-24,楠梓市場,
2015-10-24,三民第一,
2015-10-24,苓雅市場,
2015-10-24,中華市場,
2015-10-24,旗山第一,
2015-10-24,鳳山第一,
2015-10-24,岡山文賢,
2015-10-24,大寮大發,
2015-10-24,橋頭市場,
2015-10-25,國民市場,
2015-10-25,鹽埕示範,
2015-10-25,新興第二,
2015-10-25,三民第二,
2015-10-25,左營第四,
2015-10-25,鼓山第三,
2015-10-25,楠梓市場,
2015-10-25,三民第一,
2015-10-25,苓雅市場,
2015-10-25,中華市場,
2015-10-25,旗山第一,
2015-10-25,鳳山第一,
2015-10-25,岡山文賢,
2015-10-25,大寮大發,
2015-10-25,橋頭市場,
2015-10-26,國民市場,166.0
2015-10-26,鹽埕示範,167.0
2015-10-26,新興第二,167.0
2015-10-26,三民第二,166.0
2015-10-26,左營第四,150.0
2015-10-26,鼓山第三,200.0
2015-10-26,楠梓市場,150.0
2015-10-26,三民第一,167.0
2015-10-26,苓雅市場,166.0
2015-10-26,中華市場,166.0
2015-10-26,旗山第一,
2015-10-26,鳳山第一,0.0
2015-10-26,岡山文賢,200.0
2015-10-26,大寮大發,144.0
2015-10-26,橋頭市場,150.0
2015-10-27,國民市場,166.0
2015-10-27,鹽埕示範,167.0
2015-10-27,新興第二,167.0
2015-10-27,三民第二,166.0
2015-10-27,左營第四,150.0
2015-10-27,鼓山第三,200.0
2015-10-27,楠梓市場,150.0
2015-10-27,三民第一,167.0
2015-10-27,苓雅市場,166.0
2015-10-27,中華市場,166.0
2015-10-27,旗山第一,133.0
2015-10-27,鳳山第一,0.0
2015-10-27,岡山文賢,200.0
2015-10-27,大寮大發,144.0
2015-10-27,橋頭市場,150.0
2015-10-28,國民市場,166.0
2015-10-28,鹽埕示範,167.0
2015-10-28,新興第二,167.0
2015-10-28,三民第二,166.0
2015-10-28,左營第四,150.0
2015-10-28,鼓山第三,200.0
2015-10-28,楠梓市場,150.0
2015-10-28,三民第一,167.0
2015-10-28,苓雅市場,166.0
2015-10-28,中華市場,166.0
2015-10-28,旗山第一,133.0
2015-10-28,鳳山第一,0.0
2015-10-28,岡山文賢,200.0
2015-10-28,大寮大發,144.0
2015-10-28,橋頭市場,150.0
2015-10-29,國民市場,
2015-10-29,鹽埕示範,
2015-10-29,新興第二,
2015-10-29,三民第二,
2015-10-29,左營第四,
2015-10-29,鼓山第三,
2015-10-29,楠梓市場,
2015-10-29,三民第一,
2015-10-29,苓雅市場,
2015-10-29,中華市場,
2015-10-29,旗山第一,133.0
2015-10-29,鳳山第一,
2015-10-29,岡山文賢,200.0
2015-10-29,大寮大發,
2015-10-29,橋頭市場,150.0
2015-10-30,國民市場,166.0
2015-10-30,鹽埕示範,167.0
2015-10-30,新興第二,167.0
2015-10-30,三民第二,166.0
2015-10-30,左營第四,150.0
2015-10-30,鼓山第三,200.0
2015-10-30,楠梓市場,150.0
2015-10-30,三民第一,167.0
2015-10-30,苓雅市場,166.0
2015-10-30,中華市場,166.0
2015-10-30,旗山第一,133.0
2015-10-30,鳳山第一,0.0
2015-10-30,岡山文賢,200.0
2015-10-30,大寮大發,152.0
2015-10-30,橋頭市場,150.0
2015-10-31,國民市場,
2015-10-31,鹽埕示範,
2015-10-31,新興第二,
2015-10-31,三民第二,
2015-10-31,左營第四,
2015-10-31,鼓山第三,
2015-10-31,楠梓市場,
2015-10-31,三民第一,
2015-10-31,苓雅市場,
2015-10-31,中華市場,
2015-10-31,旗山第一,
2015-10-31,鳳山第一,
2015-10-31,岡山文賢,
2015-10-31,大寮大發,
2015-10-31,橋頭市場,
2015-11-01,國民市場,
2015-11-01,鹽埕示範,
2015-11-01,新興第二,
2015-11-01,三民第二,
2015-11-01,左營第四,
2015-11-01,鼓山第三,
2015-11-01,楠梓市場,
2015-11-01,三民第一,
2015-11-01,苓雅市場,
2015-11-01,中華市場,
2015-11-01,旗山第一,
2015-11-01,鳳山第一,
2015-11-01,岡山文賢,
2015-11-01,大寮大發,
2015-11-01,橋頭市場,
2015-11-02,國民市場,150.0
2015-11-02,鹽埕示範,
2015-11-02,新興第二,167.0
2015-11-02,三民第二,
2015-11-02,左營第四,150.0
2015-11-02,鼓山第三,200.0
2015-11-02,楠梓市場,150.0
2015-11-02,三民第一,167.0
2015-11-02,苓雅市場,150.0
2015-11-02,中華市場,166.0
2015-11-02,旗山第一,
2015-11-02,鳳山第一,0.0
2015-11-02,岡山文賢,183.0
2015-11-02,大寮大發,148.0
2015-11-02,橋頭市場,150.0
2015-11-03,國民市場,150.0
2015-11-03,鹽埕示範,167.0
2015-11-03,新興第二,167.0
2015-11-03,三民第二,166.0
2015-11-03,左營第四,150.0
2015-11-03,鼓山第三,166.0
2015-11-03,楠梓市場,150.0
2015-11-03,三民第一,167.0
2015-11-03,苓雅市場,150.0
2015-11-03,中華市場,166.0
2015-11-03,旗山第一,133.0
2015-11-03,鳳山第一,0.0
2015-11-03,岡山文賢,183.0
2015-11-03,大寮大發,148.0
2015-11-03,橋頭市場,150.0
2015-11-04,國民市場,150.0
2015-11-04,鹽埕示範,167.0
2015-11-04,新興第二,167.0
2015-11-04,三民第二,166.0
2015-11-04,左營第四,150.0
2015-11-04,鼓山第三,166.0
2015-11-04,楠梓市場,150.0
2015-11-04,三民第一,167.0
2015-11-04,苓雅市場,150.0
2015-11-04,中華市場,166.0
2015-11-04,旗山第一,133.0
2015-11-04,鳳山第一,0.0
2015-11-04,岡山文賢,183.0
2015-11-04,大寮大發,148.0
2015-11-04,橋頭市場,150.0
2015-11-05,國民市場,150.0
2015-11-05,鹽埕示範,167.0
2015-11-05,新興第二,167.0
2015-11-05,三民第二,166.0
2015-11-05,左營第四,150.0
2015-11-05,鼓山第三,166.0
2015-11-05,楠梓市場,150.0
2015-11-05,三民第一,167.0
2015-11-05,苓雅市場,150.0
2015-11-05,中華市場,166.0
2015-11-05,旗山第一,133.0
2015-11-05,鳳山第一,0.0
2015-11-05,岡山文賢,183.0
2015-11-05,大寮大發,148.0
2015-11-05,橋頭市場,150.0
2015-11-06,國民市場,150.0
2015-11-06,鹽埕示範,167.0
2015-11-06,新興第二,167.0
2015-11-06,三民第二,166.0
2015-11-06,左營第四,150.0
2015-11-06,鼓山第三,166.0
2015-11-06,楠梓市場,150.0
2015-11-06,三民第一,167.0
2015-11-06,苓雅市場,150.0
2015-11-06,中華市場,166.0
2015-11-06,旗山第一,133.0
2015-11-06,鳳山第一,0.0
2015-11-06,岡山文賢,183.0
2015-11-06,大寮大發,148.0
2015-11-06,橋頭市場,150.0
2015-11-07,國民市場,
2015-11-07,鹽埕示範,
2015-11-07,新興第二,
2015-11-07,三民第二,
2015-11-07,左營第四,
2015-11-07,鼓山第三,
2015-11-07,楠梓市場,
2015-11-07,三民第一,
2015-11-07,苓雅市場,
2015-11-07,中華市場,
2015-11-07,旗山第一,
2015-11-07,鳳山第一,
2015-11-07,岡山文賢,
2015-11-07,大寮大發,
2015-11-07,橋頭市場,
2015-11-08,國民市場,
2015-11-08,鹽埕示範,
2015-11-08,新興第二,
2015-11-08,三民第二,
2015-11-08,左營第四,
2015-11-08,鼓山第三,
2015-11-08,楠梓市場,
2015-11-08,三民第一,
2015-11-08,苓雅市場,
2015-11-08,中華市場,
2015-11-08,旗山第一,
2015-11-08,鳳山第一,
2015-11-08,岡山文賢,
2015-11-08,大寮大發,
2015-11-08,橋頭市場,
2015-11-09,國民市場,166.0
2015-11-09,鹽埕示範,167.0
2015-11-09,新興第二,167.0
2015-11-09,三民第二,150.0
2015-11-09,左營第四,150.0
2015-11-09,鼓山第三,166.0
2015-11-09,楠梓市場,150.0
2015-11-09,三民第一,167.0
2015-11-09,苓雅市場,150.0
2015-11-09,中華市場,166.0
2015-11-09,旗山第一,
2015-11-09,鳳山第一,0.0
2015-11-09,岡山文賢,183.0
2015-11-09,大寮大發,144.0
2015-11-09,橋頭市場,150.0
2015-11-10,國民市場,166.0
2015-11-10,鹽埕示範,167.0
2015-11-10,新興第二,167.0
2015-11-10,三民第二,166.0
2015-11-10,左營第四,
2015-11-10,鼓山第三,
2015-11-10,楠梓市場,150.0
2015-11-10,三民第一,167.0
2015-11-10,苓雅市場,150.0
2015-11-10,中華市場,166.0
2015-11-10,旗山第一,133.0
2015-11-10,鳳山第一,0.0
2015-11-10,岡山文賢,200.0
2015-11-10,大寮大發,144.0
2015-11-10,橋頭市場,150.0
2015-11-11,國民市場,166.0
2015-11-11,鹽埕示範,167.0
2015-11-11,新興第二,
2015-11-11,三民第二,166.0
2015-11-11,左營第四,150.0
2015-11-11,鼓山第三,166.0
2015-11-11,楠梓市場,150.0
2015-11-11,三民第一,
2015-11-11,苓雅市場,150.0
2015-11-11,中華市場,166.0
2015-11-11,旗山第一,133.0
2015-11-11,鳳山第一,0.0
2015-11-11,岡山文賢,200.0
2015-11-11,大寮大發,144.0
2015-11-11,橋頭市場,150.0
2015-11-12,國民市場,166.0
2015-11-12,鹽埕示範,
2015-11-12,新興第二,167.0
2015-11-12,三民第二,
2015-11-12,左營第四,150.0
2015-11-12,鼓山第三,166.0
2015-11-12,楠梓市場,150.0
2015-11-12,三民第一,167.0
2015-11-12,苓雅市場,150.0
2015-11-12,中華市場,166.0
2015-11-12,旗山第一,133.0
2015-11-12,鳳山第一,0.0
2015-11-12,岡山文賢,200.0
2015-11-12,大寮大發,152.0
2015-11-12,橋頭市場,150.0
2015-11-13,國民市場,166.0
2015-11-13,鹽埕示範,167.0
2015-11-13,新興第二,167.0
2015-11-13,三民第二,166.0
2015-11-13,左營第四,150.0
2015-11-13,鼓山第三,166.0
2015-11-13,楠梓市場,150.0
2015-11-13,三民第一,167.0
2015-11-13,苓雅市場,150.0
2015-11-13,中華市場,166.0
2015-11-13,旗山第一,133.0
2015-11-13,鳳山第一,0.0
2015-11-13,岡山文賢,
2015-11-13,大寮大發,160.0
2015-11-13,橋頭市場,150.0
2015-11-14,國民市場,
2015-11-14,鹽埕示範,
2015-11-14,新興第二,
2015-11-14,三民第二,
2015-11-14,左營第四,
2015-11-14,鼓山第三,
2015-11-14,楠梓市場,
2015-11-14,三民第一,
2015-11-14,苓雅市場,
2015-11-14,中華市場,
2015-11-14,旗山第一,
2015-11-14,鳳山第一,
2015-11-14,岡山文賢,
2015-11-14,大寮大發,
2015-11-14,橋頭市場,
2015-11-15,國民市場,
2015-11-15,鹽埕示範,
2015-11-15,新興第二,
2015-11-15,三民第二,
2015-11-15,左營第四,
2015-11-15,鼓山第三,
2015-11-15,楠梓市場,
2015-11-15,三民第一,
2015-11-15,苓雅市場,
2015-11-15,中華市場,
2015-11-15,旗山第一,
2015-11-15,鳳山第一,
2015-11-15,岡山文賢,
2015-11-15,大寮大發,
2015-11-15,橋頭市場,
2015-11-16,國民市場,
2015-11-16,鹽埕示範,167.0
2015-11-16,新興第二,167.0
2015-11-16,三民第二,166.0
2015-11-16,左營第四,150.0
2015-11-16,鼓山第三,166.0
2015-11-16,楠梓市場,150.0
2015-11-16,三民第一,167.0
2015-11-16,苓雅市場,166.0
2015-11-16,中華市場,166.0
2015-11-16,旗山第一,
2015-11-16,鳳山第一,0.0
2015-11-16,岡山文賢,
2015-11-16,大寮大發,160.0
2015-11-16,橋頭市場,150.0
2015-11-17,國民市場,166.0
2015-11-17,鹽埕示範,167.0
2015-11-17,新興第二,167.0
2015-11-17,三民第二,166.0
2015-11-17,左營第四,150.0
2015-11-17,鼓山第三,166.0
2015-11-17,楠梓市場,150.0
2015-11-17,三民第一,167.0
2015-11-17,苓雅市場,166.0
2015-11-17,中華市場,166.0
2015-11-17,旗山第一,133.0
2015-11-17,鳳山第一,0.0
2015-11-17,岡山文賢,200.0
2015-11-17,大寮大發,160.0
2015-11-17,橋頭市場,150.0
2015-11-18,國民市場,166.0
2015-11-18,鹽埕示範,167.0
2015-11-18,新興第二,167.0
2015-11-18,三民第二,166.0
2015-11-18,左營第四,150.0
2015-11-18,鼓山第三,166.0
2015-11-18,楠梓市場,150.0
2015-11-18,三民第一,167.0
2015-11-18,苓雅市場,166.0
2015-11-18,中華市場,166.0
2015-11-18,旗山第一,133.0
2015-11-18,鳳山第一,0.0
2015-11-18,岡山文賢,200.0
2015-11-18,大寮大發,160.0
2015-11-18,橋頭市場,150.0
2015-11-19,國民市場,166.0
2015-11-19,鹽埕示範,167.0
2015-11-19,新興第二,167.0
2015-11-19,三民第二,166.0
2015-11-19,左營第四,150.0
2015-11-19,鼓山第三,166.0
2015-11-19,楠梓市場,150.0
2015-11-19,三民第一,167.0
2015-11-19,苓雅市場,166.0
2015-11-19,中華市場,166.0
2015-11-19,旗山第一,133.0
2015-11-19,鳳山第一,0.0
2015-11-19,岡山文賢,200.0
2015-11-19,大寮大發,160.0
2015-11-19,橋頭市場,150.0
2015-11-20,國民市場,166.0
2015-11-20,鹽埕示範,167.0
2015-11-20,新興第二,167.0
2015-11-20,三民第二,166.0
2015-11-20,左營第四,150.0
2015-11-20,鼓山第三,166.0
2015-11-20,楠梓市場,
2015-11-20,三民第一,167.0
2015-11-20,苓雅市場,166.0
2015-11-20,中華市場,166.0
2015-11-20,旗山第一,133.0
2015-11-20,鳳山第一,0.0
2015-11-20,岡山文賢,200.0
2015-11-20,大寮大發,160.0
2015-11-20,橋頭市場,150.0
2015-11-21,國民市場,
2015-11-21,鹽埕示範,
2015-11-21,新興第二,
2015-11-21,三民第二,
2015-11-21,左營第四,
2015-11-21,鼓山第三,
2015-11-21,楠梓市場,
2015-11-21,三民第一,
2015-11-21,苓雅市場,
2015-11-21,中華市場,
2015-11-21,旗山第一,
2015-11-21,鳳山第一,
2015-11-21,岡山文賢,
2015-11-21,大寮大發,
2015-11-21,橋頭市場,
2015-11-22,國民市場,
2015-11-22,鹽埕示範,
2015-11-22,新興第二,
2015-11-22,三民第二,
2015-11-22,左營第四,
2015-11-22,鼓山第三,
2015-11-22,楠梓市場,
2015-11-22,三民第一,
2015-11-22,苓雅市場,
2015-11-22,中華市場,
2015-11-22,旗山第一,
2015-11-22,鳳山第一,
2015-11-22,岡山文賢,
2015-11-22,大寮大發,
2015-11-22,橋頭市場,
2015-11-23,國民市場,166.0
2015-11-23,鹽埕示範,167.0
2015-11-23,新興第二,167.0
2015-11-23,三民第二,166.0
2015-11-23,左營第四,
2015-11-23,鼓山第三,166.0
2015-11-23,楠梓市場,150.0
2015-11-23,三民第一,167.0
2015-11-23,苓雅市場,166.0
2015-11-23,中華市場,166.0
2015-11-23,旗山第一,
2015-11-23,鳳山第一,0.0
2015-11-23,岡山文賢,200.0
2015-11-23,大寮大發,168.0
2015-11-23,橋頭市場,150.0
2015-11-24,國民市場,200.0
2015-11-24,鹽埕示範,167.0
2015-11-24,新興第二,
2015-11-24,三民第二,166.0
2015-11-24,左營第四,150.0
2015-11-24,鼓山第三,166.0
2015-11-24,楠梓市場,150.0
2015-11-24,三民第一,
2015-11-24,苓雅市場,150.0
2015-11-24,中華市場,166.0
2015-11-24,旗山第一,133.0
2015-11-24,鳳山第一,0.0
2015-11-24,岡山文賢,165.0
2015-11-24,大寮大發,160.0
2015-11-24,橋頭市場,150.0
2015-11-25,國民市場,200.0
2015-11-25,鹽埕示範,167.0
2015-11-25,新興第二,167.0
2015-11-25,三民第二,166.0
2015-11-25,左營第四,150.0
2015-11-25,鼓山第三,166.0
2015-11-25,楠梓市場,150.0
2015-11-25,三民第一,167.0
2015-11-25,苓雅市場,150.0
2015-11-25,中華市場,166.0
2015-11-25,旗山第一,133.0
2015-11-25,鳳山第一,0.0
2015-11-25,岡山文賢,165.0
2015-11-25,大寮大發,160.0
2015-11-25,橋頭市場,150.0
2015-11-26,國民市場,200.0
2015-11-26,鹽埕示範,
2015-11-26,新興第二,167.0
2015-11-26,三民第二,166.0
2015-11-26,左營第四,150.0
2015-11-26,鼓山第三,166.0
2015-11-26,楠梓市場,150.0
2015-11-26,三民第一,167.0
2015-11-26,苓雅市場,150.0
2015-11-26,中華市場,166.0
2015-11-26,旗山第一,133.0
2015-11-26,鳳山第一,0.0
2015-11-26,岡山文賢,165.0
2015-11-26,大寮大發,160.0
2015-11-26,橋頭市場,150.0
2015-11-27,國民市場,200.0
2015-11-27,鹽埕示範,167.0
2015-11-27,新興第二,167.0
2015-11-27,三民第二,166.0
2015-11-27,左營第四,150.0
2015-11-27,鼓山第三,166.0
2015-11-27,楠梓市場,150.0
2015-11-27,三民第一,167.0
2015-11-27,苓雅市場,150.0
2015-11-27,中華市場,
2015-11-27,旗山第一,133.0
2015-11-27,鳳山第一,0.0
2015-11-27,岡山文賢,165.0
2015-11-27,大寮大發,160.0
2015-11-27,橋頭市場,150.0
2015-11-28,國民市場,
2015-11-28,鹽埕示範,
2015-11-28,新興第二,
2015-11-28,三民第二,
2015-11-28,左營第四,
2015-11-28,鼓山第三,
2015-11-28,楠梓市場,
2015-11-28,三民第一,
2015-11-28,苓雅市場,
2015-11-28,中華市場,
2015-11-28,旗山第一,
2015-11-28,鳳山第一,
2015-11-28,岡山文賢,
2015-11-28,大寮大發,
2015-11-28,橋頭市場,
2015-11-29,國民市場,
2015-11-29,鹽埕示範,
2015-11-29,新興第二,
2015-11-29,三民第二,
2015-11-29,左營第四,
2015-11-29,鼓山第三,
2015-11-29,楠梓市場,
2015-11-29,三民第一,
2015-11-29,苓雅市場,
2015-11-29,中華市場,
2015-11-29,旗山第一,
2015-11-29,鳳山第一,
2015-11-29,岡山文賢,
2015-11-29,大寮大發,
2015-11-29,橋頭市場,
2015-11-30,國民市場,150.0
2015-11-30,鹽埕示範,167.0
2015-11-30,新興第二,167.0
2015-11-30,三民第二,166.0
2015-11-30,左營第四,150.0
2015-11-30,鼓山第三,166.0
2015-11-30,楠梓市場,150.0
2015-11-30,三民第一,167.0
2015-11-30,苓雅市場,166.0
2015-11-30,中華市場,166.0
2015-11-30,旗山第一,133.0
2015-11-30,鳳山第一,0.0
2015-11-30,岡山文賢,148.0
2015-11-30,大寮大發,160.0
2015-11-30,橋頭市場,150.0
2015-12-01,國民市場,150.0
2015-12-01,鹽埕示範,167.0
2015-12-01,新興第二,167.0
2015-12-01,三民第二,166.0
2015-12-01,左營第四,145.0
2015-12-01,鼓山第三,166.0
2015-12-01,楠梓市場,150.0
2015-12-01,三民第一,167.0
2015-12-01,苓雅市場,
2015-12-01,中華市場,166.0
2015-12-01,旗山第一,133.0
2015-12-01,鳳山第一,0.0
2015-12-01,岡山文賢,148.0
2015-12-01,大寮大發,160.0
2015-12-01,橋頭市場,150.0
2015-12-02,國民市場,150.0
2015-12-02,鹽埕示範,167.0
2015-12-02,新興第二,167.0
2015-12-02,三民第二,166.0
2015-12-02,左營第四,145.0
2015-12-02,鼓山第三,166.0
2015-12-02,楠梓市場,150.0
2015-12-02,三民第一,167.0
2015-12-02,苓雅市場,166.0
2015-12-02,中華市場,166.0
2015-12-02,旗山第一,133.0
2015-12-02,鳳山第一,0.0
2015-12-02,岡山文賢,148.0
2015-12-02,大寮大發,160.0
2015-12-02,橋頭市場,150.0
2015-12-03,國民市場,150.0
2015-12-03,鹽埕示範,167.0
2015-12-03,新興第二,167.0
2015-12-03,三民第二,166.0
2015-12-03,左營第四,145.0
2015-12-03,鼓山第三,166.0
2015-12-03,楠梓市場,150.0
2015-12-03,三民第一,167.0
2015-12-03,苓雅市場,166.0
2015-12-03,中華市場,166.0
2015-12-03,旗山第一,133.0
2015-12-03,鳳山第一,0.0
2015-12-03,岡山文賢,148.0
2015-12-03,大寮大發,160.0
2015-12-03,橋頭市場,150.0
2015-12-04,國民市場,150.0
2015-12-04,鹽埕示範,167.0
2015-12-04,新興第二,167.0
2015-12-04,三民第二,166.0
2015-12-04,左營第四,
2015-12-04,鼓山第三,
2015-12-04,楠梓市場,150.0
2015-12-04,三民第一,167.0
2015-12-04,苓雅市場,166.0
2015-12-04,中華市場,166.0
2015-12-04,旗山第一,133.0
2015-12-04,鳳山第一,0.0
2015-12-04,岡山文賢,148.0
2015-12-04,大寮大發,
2015-12-04,橋頭市場,150.0
2015-12-05,國民市場,
2015-12-05,鹽埕示範,
2015-12-05,新興第二,
2015-12-05,三民第二,
2015-12-05,左營第四,
2015-12-05,鼓山第三,
2015-12-05,楠梓市場,
2015-12-05,三民第一,
2015-12-05,苓雅市場,
2015-12-05,中華市場,
2015-12-05,旗山第一,
2015-12-05,鳳山第一,
2015-12-05,岡山文賢,
2015-12-05,大寮大發,
2015-12-05,橋頭市場,
2015-12-06,國民市場,
2015-12-06,鹽埕示範,
2015-12-06,新興第二,
2015-12-06,三民第二,
2015-12-06,左營第四,
2015-12-06,鼓山第三,
2015-12-06,楠梓市場,
2015-12-06,三民第一,
2015-12-06,苓雅市場,
2015-12-06,中華市場,
2015-12-06,旗山第一,
2015-12-06,鳳山第一,
2015-12-06,岡山文賢,
2015-12-06,大寮大發,
2015-12-06,橋頭市場,
2015-12-07,國民市場,150.0
2015-12-07,鹽埕示範,167.0
2015-12-07,新興第二,
2015-12-07,三民第二,166.0
2015-12-07,左營第四,145.0
2015-12-07,鼓山第三,166.0
2015-12-07,楠梓市場,150.0
2015-12-07,三民第一,
2015-12-07,苓雅市場,166.0
2015-12-07,中華市場,166.0
2015-12-07,旗山第一,
2015-12-07,鳳山第一,0.0
2015-12-07,岡山文賢,158.0
2015-12-07,大寮大發,152.0
2015-12-07,橋頭市場,150.0
2015-12-08,國民市場,150.0
2015-12-08,鹽埕示範,167.0
2015-12-08,新興第二,167.0
2015-12-08,三民第二,166.0
2015-12-08,左營第四,145.0
2015-12-08,鼓山第三,166.0
2015-12-08,楠梓市場,150.0
2015-12-08,三民第一,167.0
2015-12-08,苓雅市場,166.0
2015-12-08,中華市場,166.0
2015-12-08,旗山第一,133.0
2015-12-08,鳳山第一,0.0
2015-12-08,岡山文賢,158.0
2015-12-08,大寮大發,152.0
2015-12-08,橋頭市場,150.0
2015-12-09,國民市場,150.0
2015-12-09,鹽埕示範,
2015-12-09,新興第二,167.0
2015-12-09,三民第二,
2015-12-09,左營第四,145.0
2015-12-09,鼓山第三,166.0
2015-12-09,楠梓市場,150.0
2015-12-09,三民第一,167.0
2015-12-09,苓雅市場,166.0
2015-12-09,中華市場,166.0
2015-12-09,旗山第一,133.0
2015-12-09,鳳山第一,0.0
2015-12-09,岡山文賢,158.0
2015-12-09,大寮大發,144.0
2015-12-09,橋頭市場,150.0
2015-12-10,國民市場,150.0
2015-12-10,鹽埕示範,167.0
2015-12-10,新興第二,167.0
2015-12-10,三民第二,166.0
2015-12-10,左營第四,145.0
2015-12-10,鼓山第三,166.0
2015-12-10,楠梓市場,150.0
2015-12-10,三民第一,167.0
2015-12-10,苓雅市場,166.0
2015-12-10,中華市場,
2015-12-10,旗山第一,133.0
2015-12-10,鳳山第一,0.0
2015-12-10,岡山文賢,158.0
2015-12-10,大寮大發,
2015-12-10,橋頭市場,150.0
2015-12-11,國民市場,150.0
2015-12-11,鹽埕示範,167.0
2015-12-11,新興第二,167.0
2015-12-11,三民第二,166.0
2015-12-11,左營第四,145.0
2015-12-11,鼓山第三,166.0
2015-12-11,楠梓市場,150.0
2015-12-11,三民第一,167.0
2015-12-11,苓雅市場,166.0
2015-12-11,中華市場,166.0
2015-12-11,旗山第一,133.0
2015-12-11,鳳山第一,0.0
2015-12-11,岡山文賢,158.0
2015-12-11,大寮大發,144.0
2015-12-11,橋頭市場,150.0
2015-12-12,國民市場,
2015-12-12,鹽埕示範,
2015-12-12,新興第二,
2015-12-12,三民第二,
2015-12-12,左營第四,
2015-12-12,鼓山第三,
2015-12-12,楠梓市場,
2015-12-12,三民第一,
2015-12-12,苓雅市場,
2015-12-12,中華市場,
2015-12-12,旗山第一,
2015-12-12,鳳山第一,
2015-12-12,岡山文賢,
2015-12-12,大寮大發,
2015-12-12,橋頭市場,
2015-12-13,國民市場,
2015-12-13,鹽埕示範,
2015-12-13,新興第二,
2015-12-13,三民第二,
2015-12-13,左營第四,
2015-12-13,鼓山第三,
2015-12-13,楠梓市場,
2015-12-13,三民第一,
2015-12-13,苓雅市場,
2015-12-13,中華市場,
2015-12-13,旗山第一,
2015-12-13,鳳山第一,
2015-12-13,岡山文賢,
2015-12-13,大寮大發,
2015-12-13,橋頭市場,
2015-12-14,國民市場,
2015-12-14,鹽埕示範,167.0
2015-12-14,新興第二,167.0
2015-12-14,三民第二,166.0
2015-12-14,左營第四,145.0
2015-12-14,鼓山第三,166.0
2015-12-14,楠梓市場,150.0
2015-12-14,三民第一,167.0
2015-12-14,苓雅市場,
2015-12-14,中華市場,166.0
2015-12-14,旗山第一,
2015-12-14,鳳山第一,0.0
2015-12-14,岡山文賢,148.0
2015-12-14,大寮大發,144.0
2015-12-14,橋頭市場,150.0
2015-12-15,國民市場,150.0
2015-12-15,鹽埕示範,167.0
2015-12-15,新興第二,167.0
2015-12-15,三民第二,166.0
2015-12-15,左營第四,145.0
2015-12-15,鼓山第三,166.0
2015-12-15,楠梓市場,150.0
2015-12-15,三民第一,167.0
2015-12-15,苓雅市場,166.0
2015-12-15,中華市場,166.0
2015-12-15,旗山第一,133.0
2015-12-15,鳳山第一,0.0
2015-12-15,岡山文賢,148.0
2015-12-15,大寮大發,144.0
2015-12-15,橋頭市場,150.0
2015-12-16,國民市場,150.0
2015-12-16,鹽埕示範,167.0
2015-12-16,新興第二,167.0
2015-12-16,三民第二,166.0
2015-12-16,左營第四,145.0
2015-12-16,鼓山第三,166.0
2015-12-16,楠梓市場,
2015-12-16,三民第一,167.0
2015-12-16,苓雅市場,166.0
2015-12-16,中華市場,166.0
2015-12-16,旗山第一,133.0
2015-12-16,鳳山第一,0.0
2015-12-16,岡山文賢,148.0
2015-12-16,大寮大發,148.0
2015-12-16,橋頭市場,150.0
2015-12-17,國民市場,150.0
2015-12-17,鹽埕示範,167.0
2015-12-17,新興第二,167.0
2015-12-17,三民第二,166.0
2015-12-17,左營第四,
2015-12-17,鼓山第三,166.0
2015-12-17,楠梓市場,150.0
2015-12-17,三民第一,167.0
2015-12-17,苓雅市場,166.0
2015-12-17,中華市場,166.0
2015-12-17,旗山第一,133.0
2015-12-17,鳳山第一,0.0
2015-12-17,岡山文賢,148.0
2015-12-17,大寮大發,148.0
2015-12-17,橋頭市場,150.0
2015-12-18,國民市場,150.0
2015-12-18,鹽埕示範,167.0
2015-12-18,新興第二,
2015-12-18,三民第二,166.0
2015-12-18,左營第四,145.0
2015-12-18,鼓山第三,166.0
2015-12-18,楠梓市場,150.0
2015-12-18,三民第一,
2015-12-18,苓雅市場,166.0
2015-12-18,中華市場,166.0
2015-12-18,旗山第一,133.0
2015-12-18,鳳山第一,0.0
2015-12-18,岡山文賢,148.0
2015-12-18,大寮大發,152.0
2015-12-18,橋頭市場,150.0
2015-12-19,國民市場,
2015-12-19,鹽埕示範,
2015-12-19,新興第二,
2015-12-19,三民第二,
2015-12-19,左營第四,
2015-12-19,鼓山第三,166.0
2015-12-19,楠梓市場,
2015-12-19,三民第一,
2015-12-19,苓雅市場,
2015-12-19,中華市場,
2015-12-19,旗山第一,
2015-12-19,鳳山第一,
2015-12-19,岡山文賢,
2015-12-19,大寮大發,
2015-12-19,橋頭市場,
2015-12-20,國民市場,
2015-12-20,鹽埕示範,
2015-12-20,新興第二,
2015-12-20,三民第二,
2015-12-20,左營第四,
2015-12-20,鼓山第三,
2015-12-20,楠梓市場,
2015-12-20,三民第一,
2015-12-20,苓雅市場,
2015-12-20,中華市場,
2015-12-20,旗山第一,
2015-12-20,鳳山第一,
2015-12-20,岡山文賢,
2015-12-20,大寮大發,
2015-12-20,橋頭市場,
2015-12-21,國民市場,0.0
2015-12-21,鹽埕示範,167.0
2015-12-21,新興第二,167.0
2015-12-21,三民第二,166.0
2015-12-21,左營第四,145.0
2015-12-21,鼓山第三,166.0
2015-12-21,楠梓市場,150.0
2015-12-21,三民第一,167.0
2015-12-21,苓雅市場,166.0
2015-12-21,中華市場,166.0
2015-12-21,旗山第一,
2015-12-21,鳳山第一,0.0
2015-12-21,岡山文賢,148.0
2015-12-21,大寮大發,144.0
2015-12-21,橋頭市場,150.0
2015-12-22,國民市場,0.0
2015-12-22,鹽埕示範,
2015-12-22,新興第二,167.0
2015-12-22,三民第二,
2015-12-22,左營第四,145.0
2015-12-22,鼓山第三,166.0
2015-12-22,楠梓市場,150.0
2015-12-22,三民第一,167.0
2015-12-22,苓雅市場,166.0
2015-12-22,中華市場,166.0
2015-12-22,旗山第一,133.0
2015-12-22,鳳山第一,0.0
2015-12-22,岡山文賢,148.0
2015-12-22,大寮大發,144.0
2015-12-22,橋頭市場,150.0
2015-12-23,國民市場,0.0
2015-12-23,鹽埕示範,167.0
2015-12-23,新興第二,167.0
2015-12-23,三民第二,166.0
2015-12-23,左營第四,145.0
2015-12-23,鼓山第三,166.0
2015-12-23,楠梓市場,150.0
2015-12-23,三民第一,167.0
2015-12-23,苓雅市場,166.0
2015-12-23,中華市場,
2015-12-23,旗山第一,133.0
2015-12-23,鳳山第一,0.0
2015-12-23,岡山文賢,148.0
2015-12-23,大寮大發,152.0
2015-12-23,橋頭市場,150.0
2015-12-24,國民市場,0.0
2015-12-24,鹽埕示範,167.0
2015-12-24,新興第二,167.0
2015-12-24,三民第二,166.0
2015-12-24,左營第四,145.0
2015-12-24,鼓山第三,166.0
2015-12-24,楠梓市場,150.0
2015-12-24,三民第一,167.0
2015-12-24,苓雅市場,166.0
2015-12-24,中華市場,166.0
2015-12-24,旗山第一,133.0
2015-12-24,鳳山第一,0.0
2015-12-24,岡山文賢,148.0
2015-12-24,大寮大發,152.0
2015-12-24,橋頭市場,150.0
2015-12-25,國民市場,0.0
2015-12-25,鹽埕示範,167.0
2015-12-25,新興第二,167.0
2015-12-25,三民第二,166.0
2015-12-25,左營第四,145.0
2015-12-25,鼓山第三,166.0
2015-12-25,楠梓市場,150.0
2015-12-25,三民第一,167.0
2015-12-25,苓雅市場,
2015-12-25,中華市場,166.0
2015-12-25,旗山第一,133.0
2015-12-25,鳳山第一,0.0
2015-12-25,岡山文賢,148.0
2015-12-25,大寮大發,
2015-12-25,橋頭市場,150.0
2015-12-26,國民市場,
2015-12-26,鹽埕示範,
2015-12-26,新興第二,
2015-12-26,三民第二,
2015-12-26,左營第四,
2015-12-26,鼓山第三,166.0
2015-12-26,楠梓市場,
2015-12-26,三民第一,
2015-12-26,苓雅市場,
2015-12-26,中華市場,
2015-12-26,旗山第一,
2015-12-26,鳳山第一,
2015-12-26,岡山文賢,
2015-12-26,大寮大發,
2015-12-26,橋頭市場,
2015-12-27,國民市場,
2015-12-27,鹽埕示範,
2015-12-27,新興第二,
2015-12-27,三民第二,
2015-12-27,左營第四,
2015-12-27,鼓山第三,166.0
2015-12-27,楠梓市場,
2015-12-27,三民第一,
2015-12-27,苓雅市場,
2015-12-27,中華市場,
2015-12-27,旗山第一,
2015-12-27,鳳山第一,
2015-12-27,岡山文賢,
2015-12-27,大寮大發,
2015-12-27,橋頭市場,
2015-12-28,國民市場,150.0
2015-12-28,鹽埕示範,167.0
2015-12-28,新興第二,167.0
2015-12-28,三民第二,166.0
2015-12-28,左營第四,145.0
2015-12-28,鼓山第三,166.0
2015-12-28,楠梓市場,150.0
2015-12-28,三民第一,167.0
2015-12-28,苓雅市場,166.0
2015-12-28,中華市場,166.0
2015-12-28,旗山第一,
2015-12-28,鳳山第一,0.0
2015-12-28,岡山文賢,98.0
2015-12-28,大寮大發,152.0
2015-12-28,橋頭市場,150.0
2015-12-29,國民市場,150.0
2015-12-29,鹽埕示範,167.0
2015-12-29,新興第二,167.0
2015-12-29,三民第二,166.0
2015-12-29,左營第四,145.0
2015-12-29,鼓山第三,166.0
2015-12-29,楠梓市場,
2015-12-29,三民第一,167.0
2015-12-29,苓雅市場,166.0
2015-12-29,中華市場,166.0
2015-12-29,旗山第一,133.0
2015-12-29,鳳山第一,0.0
2015-12-29,岡山文賢,98.0
2015-12-29,大寮大發,148.0
2015-12-29,橋頭市場,150.0
2015-12-30,國民市場,150.0
2015-12-30,鹽埕示範,167.0
2015-12-30,新興第二,167.0
2015-12-30,三民第二,166.0
2015-12-30,左營第四,145.0
2015-12-30,鼓山第三,166.0
2015-12-30,楠梓市場,150.0
2015-12-30,三民第一,167.0
2015-12-30,苓雅市場,166.0
2015-12-30,中華市場,166.0
2015-12-30,旗山第一,133.0
2015-12-30,鳳山第一,0.0
2015-12-30,岡山文賢,98.0
2015-12-30,大寮大發,148.0
2015-12-30,橋頭市場,150.0
2015-12-31,國民市場,150.0
2015-12-31,鹽埕示範,167.0
2015-12-31,新興第二,
2015-12-31,三民第二,166.0
2015-12-31,左營第四,145.0
2015-12-31,鼓山第三,166.0
2015-12-31,楠梓市場,150.0
2015-12-31,三民第一,
2015-12-31,苓雅市場,166.0
2015-12-31,中華市場,166.0
2015-12-31,旗山第一,133.0
2015-12-31,鳳山第一,0.0
2015-12-31,岡山文賢,98.0
2015-12-31,大寮大發,148.0
2015-12-31,橋頭市場,150.0
2016-01-01,國民市場,
2016-01-01,鹽埕示範,
2016-01-01,新興第二,
2016-01-01,三民第二,
2016-01-01,左營第四,
2016-01-01,鼓山第三,
2016-01-01,楠梓市場,
2016-01-01,三民第一,
2016-01-01,苓雅市場,
2016-01-01,中華市場,
2016-01-01,旗山第一,
2016-01-01,鳳山第一,
2016-01-01,岡山文賢,
2016-01-01,大寮大發,
2016-01-01,橋頭市場,
2016-01-02,國民市場,
2016-01-02,鹽埕示範,
2016-01-02,新興第二,
2016-01-02,三民第二,
2016-01-02,左營第四,
2016-01-02,鼓山第三,
2016-01-02,楠梓市場,
2016-01-02,三民第一,
2016-01-02,苓雅市場,
2016-01-02,中華市場,
2016-01-02,旗山第一,
2016-01-02,鳳山第一,
2016-01-02,岡山文賢,
2016-01-02,大寮大發,
2016-01-02,橋頭市場,
2016-01-03,國民市場,
2016-01-03,鹽埕示範,
2016-01-03,新興第二,
2016-01-03,三民第二,
2016-01-03,左營第四,
2016-01-03,鼓山第三,
2016-01-03,楠梓市場,
2016-01-03,三民第一,
2016-01-03,苓雅市場,
2016-01-03,中華市場,
2016-01-03,旗山第一,
2016-01-03,鳳山第一,
2016-01-03,岡山文賢,
2016-01-03,大寮大發,
2016-01-03,橋頭市場,
2016-01-04,國民市場,150.0
2016-01-04,鹽埕示範,167.0
2016-01-04,新興第二,167.0
2016-01-04,三民第二,166.0
2016-01-04,左營第四,145.0
2016-01-04,鼓山第三,166.0
2016-01-04,楠梓市場,167.0
2016-01-04,三民第一,167.0
2016-01-04,苓雅市場,167.0
2016-01-04,中華市場,166.0
2016-01-04,旗山第一,
2016-01-04,鳳山第一,0.0
2016-01-04,岡山文賢,148.0
2016-01-04,大寮大發,152.0
2016-01-04,橋頭市場,150.0
2016-01-05,國民市場,150.0
2016-01-05,鹽埕示範,
2016-01-05,新興第二,167.0
2016-01-05,三民第二,
2016-01-05,左營第四,145.0
2016-01-05,鼓山第三,166.0
2016-01-05,楠梓市場,167.0
2016-01-05,三民第一,167.0
2016-01-05,苓雅市場,167.0
2016-01-05,中華市場,166.0
2016-01-05,旗山第一,133.0
2016-01-05,鳳山第一,0.0
2016-01-05,岡山文賢,148.0
2016-01-05,大寮大發,152.0
2016-01-05,橋頭市場,150.0
2016-01-06,國民市場,150.0
2016-01-06,鹽埕示範,167.0
2016-01-06,新興第二,167.0
2016-01-06,三民第二,166.0
2016-01-06,左營第四,145.0
2016-01-06,鼓山第三,166.0
2016-01-06,楠梓市場,167.0
2016-01-06,三民第一,167.0
2016-01-06,苓雅市場,167.0
2016-01-06,中華市場,
2016-01-06,旗山第一,136.0
2016-01-06,鳳山第一,0.0
2016-01-06,岡山文賢,148.0
2016-01-06,大寮大發,152.0
2016-01-06,橋頭市場,150.0
2016-01-07,國民市場,150.0
2016-01-07,鹽埕示範,167.0
2016-01-07,新興第二,167.0
2016-01-07,三民第二,166.0
2016-01-07,左營第四,145.0
2016-01-07,鼓山第三,166.0
2016-01-07,楠梓市場,167.0
2016-01-07,三民第一,167.0
2016-01-07,苓雅市場,167.0
2016-01-07,中華市場,166.0
2016-01-07,旗山第一,136.0
2016-01-07,鳳山第一,0.0
2016-01-07,岡山文賢,148.0
2016-01-07,大寮大發,152.0
2016-01-07,橋頭市場,150.0
2016-01-08,國民市場,
2016-01-08,鹽埕示範,167.0
2016-01-08,新興第二,167.0
2016-01-08,三民第二,166.0
2016-01-08,左營第四,145.0
2016-01-08,鼓山第三,166.0
2016-01-08,楠梓市場,167.0
2016-01-08,三民第一,167.0
2016-01-08,苓雅市場,
2016-01-08,中華市場,166.0
2016-01-08,旗山第一,136.0
2016-01-08,鳳山第一,0.0
2016-01-08,岡山文賢,148.0
2016-01-08,大寮大發,152.0
2016-01-08,橋頭市場,150.0
2016-01-09,國民市場,
2016-01-09,鹽埕示範,
2016-01-09,新興第二,
2016-01-09,三民第二,
2016-01-09,左營第四,
2016-01-09,鼓山第三,
2016-01-09,楠梓市場,
2016-01-09,三民第一,
2016-01-09,苓雅市場,
2016-01-09,中華市場,
2016-01-09,旗山第一,
2016-01-09,鳳山第一,
2016-01-09,岡山文賢,
2016-01-09,大寮大發,
2016-01-09,橋頭市場,
2016-01-10,國民市場,
2016-01-10,鹽埕示範,
2016-01-10,新興第二,
2016-01-10,三民第二,
2016-01-10,左營第四,
2016-01-10,鼓山第三,
2016-01-10,楠梓市場,
2016-01-10,三民第一,
2016-01-10,苓雅市場,
2016-01-10,中華市場,
2016-01-10,旗山第一,
2016-01-10,鳳山第一,
2016-01-10,岡山文賢,
2016-01-10,大寮大發,
2016-01-10,橋頭市場,
2016-01-11,國民市場,150.0
2016-01-11,鹽埕示範,167.0
2016-01-11,新興第二,167.0
2016-01-11,三民第二,166.0
2016-01-11,左營第四,145.0
2016-01-11,鼓山第三,166.0
2016-01-11,楠梓市場,167.0
2016-01-11,三民第一,167.0
2016-01-11,苓雅市場,167.0
2016-01-11,中華市場,166.0
2016-01-11,旗山第一,
2016-01-11,鳳山第一,0.0
2016-01-11,岡山文賢,148.0
2016-01-11,大寮大發,152.0
2016-01-11,橋頭市場,150.0
2016-01-12,國民市場,150.0
2016-01-12,鹽埕示範,167.0
2016-01-12,新興第二,167.0
2016-01-12,三民第二,166.0
2016-01-12,左營第四,145.0
2016-01-12,鼓山第三,166.0
2016-01-12,楠梓市場,
2016-01-12,三民第一,167.0
2016-01-12,苓雅市場,167.0
2016-01-12,中華市場,166.0
2016-01-12,旗山第一,136.0
2016-01-12,鳳山第一,0.0
2016-01-12,岡山文賢,148.0
2016-01-12,大寮大發,148.0
2016-01-12,橋頭市場,150.0
2016-01-13,國民市場,150.0
2016-01-13,鹽埕示範,167.0
2016-01-13,新興第二,167.0
2016-01-13,三民第二,166.0
2016-01-13,左營第四,
2016-01-13,鼓山第三,166.0
2016-01-13,楠梓市場,167.0
2016-01-13,三民第一,167.0
2016-01-13,苓雅市場,167.0
2016-01-13,中華市場,166.0
2016-01-13,旗山第一,136.0
2016-01-13,鳳山第一,0.0
2016-01-13,岡山文賢,148.0
2016-01-13,大寮大發,148.0
2016-01-13,橋頭市場,150.0
2016-01-14,國民市場,150.0
2016-01-14,鹽埕示範,167.0
2016-01-14,新興第二,
2016-01-14,三民第二,166.0
2016-01-14,左營第四,145.0
2016-01-14,鼓山第三,166.0
2016-01-14,楠梓市場,167.0
2016-01-14,三民第一,
2016-01-14,苓雅市場,167.0
2016-01-14,中華市場,166.0
2016-01-14,旗山第一,136.0
2016-01-14,鳳山第一,0.0
2016-01-14,岡山文賢,148.0
2016-01-14,大寮大發,140.0
2016-01-14,橋頭市場,150.0
2016-01-15,國民市場,150.0
2016-01-15,鹽埕示範,167.0
2016-01-15,新興第二,167.0
2016-01-15,三民第二,166.0
2016-01-15,左營第四,145.0
2016-01-15,鼓山第三,166.0
2016-01-15,楠梓市場,167.0
2016-01-15,三民第一,167.0
2016-01-15,苓雅市場,167.0
2016-01-15,中華市場,166.0
2016-01-15,旗山第一,136.0
2016-01-15,鳳山第一,0.0
2016-01-15,岡山文賢,148.0
2016-01-15,大寮大發,140.0
2016-01-15,橋頭市場,150.0
2016-01-16,國民市場,
2016-01-16,鹽埕示範,
2016-01-16,新興第二,
2016-01-16,三民第二,
2016-01-16,左營第四,
2016-01-16,鼓山第三,
2016-01-16,楠梓市場,
2016-01-16,三民第一,
2016-01-16,苓雅市場,
2016-01-16,中華市場,
2016-01-16,旗山第一,
2016-01-16,鳳山第一,
2016-01-16,岡山文賢,
2016-01-16,大寮大發,
2016-01-16,橋頭市場,
2016-01-17,國民市場,
2016-01-17,鹽埕示範,
2016-01-17,新興第二,
2016-01-17,三民第二,
2016-01-17,左營第四,
2016-01-17,鼓山第三,
2016-01-17,楠梓市場,
2016-01-17,三民第一,
2016-01-17,苓雅市場,
2016-01-17,中華市場,
2016-01-17,旗山第一,
2016-01-17,鳳山第一,
2016-01-17,岡山文賢,
2016-01-17,大寮大發,
2016-01-17,橋頭市場,
2016-01-18,國民市場,
2016-01-18,鹽埕示範,
2016-01-18,新興第二,167.0
2016-01-18,三民第二,
2016-01-18,左營第四,145.0
2016-01-18,鼓山第三,166.0
2016-01-18,楠梓市場,167.0
2016-01-18,三民第一,167.0
2016-01-18,苓雅市場,167.0
2016-01-18,中華市場,166.0
2016-01-18,旗山第一,
2016-01-18,鳳山第一,0.0
2016-01-18,岡山文賢,148.0
2016-01-18,大寮大發,136.0
2016-01-18,橋頭市場,150.0
2016-01-19,國民市場,150.0
2016-01-19,鹽埕示範,167.0
2016-01-19,新興第二,167.0
2016-01-19,三民第二,166.0
2016-01-19,左營第四,145.0
2016-01-19,鼓山第三,166.0
2016-01-19,楠梓市場,142.0
2016-01-19,三民第一,167.0
2016-01-19,苓雅市場,167.0
2016-01-19,中華市場,
2016-01-19,旗山第一,136.0
2016-01-19,鳳山第一,0.0
2016-01-19,岡山文賢,148.0
2016-01-19,大寮大發,136.0
2016-01-19,橋頭市場,150.0
2016-01-20,國民市場,150.0
2016-01-20,鹽埕示範,167.0
2016-01-20,新興第二,167.0
2016-01-20,三民第二,166.0
2016-01-20,左營第四,145.0
2016-01-20,鼓山第三,166.0
2016-01-20,楠梓市場,142.0
2016-01-20,三民第一,167.0
2016-01-20,苓雅市場,167.0
2016-01-20,中華市場,166.0
2016-01-20,旗山第一,136.0
2016-01-20,鳳山第一,0.0
2016-01-20,岡山文賢,148.0
2016-01-20,大寮大發,136.0
2016-01-20,橋頭市場,150.0
2016-01-21,國民市場,
2016-01-21,鹽埕示範,167.0
2016-01-21,新興第二,167.0
2016-01-21,三民第二,166.0
2016-01-21,左營第四,145.0
2016-01-21,鼓山第三,166.0
2016-01-21,楠梓市場,142.0
2016-01-21,三民第一,167.0
2016-01-21,苓雅市場,
2016-01-21,中華市場,166.0
2016-01-21,旗山第一,136.0
2016-01-21,鳳山第一,0.0
2016-01-21,岡山文賢,148.0
2016-01-21,大寮大發,136.0
2016-01-21,橋頭市場,150.0
2016-01-22,國民市場,150.0
2016-01-22,鹽埕示範,167.0
2016-01-22,新興第二,167.0
2016-01-22,三民第二,166.0
2016-01-22,左營第四,145.0
2016-01-22,鼓山第三,166.0
2016-01-22,楠梓市場,142.0
2016-01-22,三民第一,167.0
2016-01-22,苓雅市場,167.0
2016-01-22,中華市場,166.0
2016-01-22,旗山第一,136.0
2016-01-22,鳳山第一,0.0
2016-01-22,岡山文賢,148.0
2016-01-22,大寮大發,136.0
2016-01-22,橋頭市場,150.0
2016-01-23,國民市場,
2016-01-23,鹽埕示範,
2016-01-23,新興第二,
2016-01-23,三民第二,
2016-01-23,左營第四,
2016-01-23,鼓山第三,
2016-01-23,楠梓市場,
2016-01-23,三民第一,
2016-01-23,苓雅市場,
2016-01-23,中華市場,
2016-01-23,旗山第一,
2016-01-23,鳳山第一,
2016-01-23,岡山文賢,
2016-01-23,大寮大發,
2016-01-23,橋頭市場,
2016-01-24,國民市場,
2016-01-24,鹽埕示範,
2016-01-24,新興第二,
2016-01-24,三民第二,
2016-01-24,左營第四,
2016-01-24,鼓山第三,
2016-01-24,楠梓市場,
2016-01-24,三民第一,
2016-01-24,苓雅市場,
2016-01-24,中華市場,
2016-01-24,旗山第一,
2016-01-24,鳳山第一,
2016-01-24,岡山文賢,
2016-01-24,大寮大發,
2016-01-24,橋頭市場,
2016-01-25,國民市場,150.0
2016-01-25,鹽埕示範,167.0
2016-01-25,新興第二,167.0
2016-01-25,三民第二,166.0
2016-01-25,左營第四,145.0
2016-01-25,鼓山第三,166.0
2016-01-25,楠梓市場,142.0
2016-01-25,三民第一,167.0
2016-01-25,苓雅市場,167.0
2016-01-25,中華市場,166.0
2016-01-25,旗山第一,
2016-01-25,鳳山第一,0.0
2016-01-25,岡山文賢,148.0
2016-01-25,大寮大發,144.0
2016-01-25,橋頭市場,150.0
2016-01-26,國民市場,150.0
2016-01-26,鹽埕示範,167.0
2016-01-26,新興第二,
2016-01-26,三民第二,166.0
2016-01-26,左營第四,
2016-01-26,鼓山第三,166.0
2016-01-26,楠梓市場,
2016-01-26,三民第一,
2016-01-26,苓雅市場,167.0
2016-01-26,中華市場,
2016-01-26,旗山第一,136.0
2016-01-26,鳳山第一,
2016-01-26,岡山文賢,148.0
2016-01-26,大寮大發,
2016-01-26,橋頭市場,150.0
2016-01-27,國民市場,150.0
2016-01-27,鹽埕示範,167.0
2016-01-27,新興第二,167.0
2016-01-27,三民第二,166.0
2016-01-27,左營第四,145.0
2016-01-27,鼓山第三,166.0
2016-01-27,楠梓市場,142.0
2016-01-27,三民第一,167.0
2016-01-27,苓雅市場,167.0
2016-01-27,中華市場,166.0
2016-01-27,旗山第一,136.0
2016-01-27,鳳山第一,0.0
2016-01-27,岡山文賢,148.0
2016-01-27,大寮大發,144.0
2016-01-27,橋頭市場,150.0
2016-01-28,國民市場,150.0
2016-01-28,鹽埕示範,167.0
2016-01-28,新興第二,167.0
2016-01-28,三民第二,166.0
2016-01-28,左營第四,145.0
2016-01-28,鼓山第三,166.0
2016-01-28,楠梓市場,142.0
2016-01-28,三民第一,167.0
2016-01-28,苓雅市場,167.0
2016-01-28,中華市場,166.0
2016-01-28,旗山第一,136.0
2016-01-28,鳳山第一,0.0
2016-01-28,岡山文賢,148.0
2016-01-28,大寮大發,144.0
2016-01-28,橋頭市場,150.0
2016-01-29,國民市場,150.0
2016-01-29,鹽埕示範,
2016-01-29,新興第二,167.0
2016-01-29,三民第二,166.0
2016-01-29,左營第四,145.0
2016-01-29,鼓山第三,166.0
2016-01-29,楠梓市場,142.0
2016-01-29,三民第一,167.0
2016-01-29,苓雅市場,167.0
2016-01-29,中華市場,166.0
2016-01-29,旗山第一,136.0
2016-01-29,鳳山第一,0.0
2016-01-29,岡山文賢,148.0
2016-01-29,大寮大發,144.0
2016-01-29,橋頭市場,150.0
2016-01-30,國民市場,150.0
2016-01-30,鹽埕示範,167.0
2016-01-30,新興第二,167.0
2016-01-30,三民第二,166.0
2016-01-30,左營第四,145.0
2016-01-30,鼓山第三,
2016-01-30,楠梓市場,142.0
2016-01-30,三民第一,167.0
2016-01-30,苓雅市場,167.0
2016-01-30,中華市場,166.0
2016-01-30,旗山第一,136.0
2016-01-30,鳳山第一,0.0
2016-01-30,岡山文賢,148.0
2016-01-30,大寮大發,144.0
2016-01-30,橋頭市場,150.0
2016-01-31,國民市場,
2016-01-31,鹽埕示範,
2016-01-31,新興第二,
2016-01-31,三民第二,
2016-01-31,左營第四,
2016-01-31,鼓山第三,
2016-01-31,楠梓市場,
2016-01-31,三民第一,
2016-01-31,苓雅市場,
2016-01-31,中華市場,
2016-01-31,旗山第一,136.0
2016-01-31,鳳山第一,
2016-01-31,岡山文賢,
2016-01-31,大寮大發,
2016-01-31,橋頭市場,
2016-02-01,國民市場,166.0
2016-02-01,鹽埕示範,167.0
2016-02-01,新興第二,167.0
2016-02-01,三民第二,166.0
2016-02-01,左營第四,145.0
2016-02-01,鼓山第三,166.0
2016-02-01,楠梓市場,142.0
2016-02-01,三民第一,167.0
2016-02-01,苓雅市場,167.0
2016-02-01,中華市場,166.0
2016-02-01,旗山第一,136.0
2016-02-01,鳳山第一,0.0
2016-02-01,岡山文賢,148.0
2016-02-01,大寮大發,148.0
2016-02-01,橋頭市場,150.0
2016-02-02,國民市場,
2016-02-02,鹽埕示範,167.0
2016-02-02,新興第二,167.0
2016-02-02,三民第二,166.0
2016-02-02,左營第四,145.0
2016-02-02,鼓山第三,166.0
2016-02-02,楠梓市場,142.0
2016-02-02,三民第一,167.0
2016-02-02,苓雅市場,
2016-02-02,中華市場,166.0
2016-02-02,旗山第一,136.0
2016-02-02,鳳山第一,0.0
2016-02-02,岡山文賢,148.0
2016-02-02,大寮大發,148.0
2016-02-02,橋頭市場,150.0
2016-02-03,國民市場,166.0
2016-02-03,鹽埕示範,167.0
2016-02-03,新興第二,167.0
2016-02-03,三民第二,166.0
2016-02-03,左營第四,145.0
2016-02-03,鼓山第三,166.0
2016-02-03,楠梓市場,142.0
2016-02-03,三民第一,167.0
2016-02-03,苓雅市場,167.0
2016-02-03,中華市場,166.0
2016-02-03,旗山第一,136.0
2016-02-03,鳳山第一,0.0
2016-02-03,岡山文賢,148.0
2016-02-03,大寮大發,148.0
2016-02-03,橋頭市場,150.0
2016-02-04,國民市場,166.0
2016-02-04,鹽埕示範,167.0
2016-02-04,新興第二,167.0
2016-02-04,三民第二,166.0
2016-02-04,左營第四,145.0
2016-02-04,鼓山第三,
2016-02-04,楠梓市場,
2016-02-04,三民第一,167.0
2016-02-04,苓雅市場,167.0
2016-02-04,中華市場,166.0
2016-02-04,旗山第一,136.0
2016-02-04,鳳山第一,0.0
2016-02-04,岡山文賢,148.0
2016-02-04,大寮大發,152.0
2016-02-04,橋頭市場,150.0
2016-02-05,國民市場,166.0
2016-02-05,鹽埕示範,167.0
2016-02-05,新興第二,167.0
2016-02-05,三民第二,
2016-02-05,左營第四,
2016-02-05,鼓山第三,166.0
2016-02-05,楠梓市場,142.0
2016-02-05,三民第一,167.0
2016-02-05,苓雅市場,167.0
2016-02-05,中華市場,166.0
2016-02-05,旗山第一,136.0
2016-02-05,鳳山第一,0.0
2016-02-05,岡山文賢,148.0
2016-02-05,大寮大發,152.0
2016-02-05,橋頭市場,150.0
2016-02-06,國民市場,
2016-02-06,鹽埕示範,
2016-02-06,新興第二,
2016-02-06,三民第二,
2016-02-06,左營第四,
2016-02-06,鼓山第三,
2016-02-06,楠梓市場,
2016-02-06,三民第一,
2016-02-06,苓雅市場,
2016-02-06,中華市場,
2016-02-06,旗山第一,
2016-02-06,鳳山第一,
2016-02-06,岡山文賢,
2016-02-06,大寮大發,
2016-02-06,橋頭市場,
2016-02-07,國民市場,
2016-02-07,鹽埕示範,
2016-02-07,新興第二,
2016-02-07,三民第二,
2016-02-07,左營第四,
2016-02-07,鼓山第三,
2016-02-07,楠梓市場,
2016-02-07,三民第一,
2016-02-07,苓雅市場,
2016-02-07,中華市場,
2016-02-07,旗山第一,
2016-02-07,鳳山第一,
2016-02-07,岡山文賢,
2016-02-07,大寮大發,
2016-02-07,橋頭市場,
2016-02-08,國民市場,
2016-02-08,鹽埕示範,
2016-02-08,新興第二,
2016-02-08,三民第二,
2016-02-08,左營第四,
2016-02-08,鼓山第三,
2016-02-08,楠梓市場,
2016-02-08,三民第一,
2016-02-08,苓雅市場,
2016-02-08,中華市場,
2016-02-08,旗山第一,
2016-02-08,鳳山第一,
2016-02-08,岡山文賢,
2016-02-08,大寮大發,
2016-02-08,橋頭市場,
2016-02-09,國民市場,
2016-02-09,鹽埕示範,
2016-02-09,新興第二,
2016-02-09,三民第二,
2016-02-09,左營第四,
2016-02-09,鼓山第三,
2016-02-09,楠梓市場,
2016-02-09,三民第一,
2016-02-09,苓雅市場,
2016-02-09,中華市場,
2016-02-09,旗山第一,
2016-02-09,鳳山第一,
2016-02-09,岡山文賢,
2016-02-09,大寮大發,
2016-02-09,橋頭市場,
2016-02-10,國民市場,
2016-02-10,鹽埕示範,
2016-02-10,新興第二,
2016-02-10,三民第二,
2016-02-10,左營第四,
2016-02-10,鼓山第三,
2016-02-10,楠梓市場,
2016-02-10,三民第一,
2016-02-10,苓雅市場,
2016-02-10,中華市場,
2016-02-10,旗山第一,
2016-02-10,鳳山第一,
2016-02-10,岡山文賢,
2016-02-10,大寮大發,
2016-02-10,橋頭市場,
2016-02-11,國民市場,
2016-02-11,鹽埕示範,
2016-02-11,新興第二,
2016-02-11,三民第二,
2016-02-11,左營第四,
2016-02-11,鼓山第三,
2016-02-11,楠梓市場,
2016-02-11,三民第一,
2016-02-11,苓雅市場,
2016-02-11,中華市場,
2016-02-11,旗山第一,
2016-02-11,鳳山第一,
2016-02-11,岡山文賢,
2016-02-11,大寮大發,
2016-02-11,橋頭市場,
2016-02-12,國民市場,
2016-02-12,鹽埕示範,
2016-02-12,新興第二,
2016-02-12,三民第二,
2016-02-12,左營第四,
2016-02-12,鼓山第三,
2016-02-12,楠梓市場,
2016-02-12,三民第一,
2016-02-12,苓雅市場,
2016-02-12,中華市場,
2016-02-12,旗山第一,
2016-02-12,鳳山第一,
2016-02-12,岡山文賢,
2016-02-12,大寮大發,
2016-02-12,橋頭市場,
2016-02-13,國民市場,
2016-02-13,鹽埕示範,
2016-02-13,新興第二,
2016-02-13,三民第二,
2016-02-13,左營第四,
2016-02-13,鼓山第三,
2016-02-13,楠梓市場,
2016-02-13,三民第一,
2016-02-13,苓雅市場,
2016-02-13,中華市場,
2016-02-13,旗山第一,
2016-02-13,鳳山第一,
2016-02-13,岡山文賢,
2016-02-13,大寮大發,
2016-02-13,橋頭市場,
2016-02-14,國民市場,
2016-02-14,鹽埕示範,
2016-02-14,新興第二,
2016-02-14,三民第二,
2016-02-14,左營第四,
2016-02-14,鼓山第三,
2016-02-14,楠梓市場,
2016-02-14,三民第一,
2016-02-14,苓雅市場,
2016-02-14,中華市場,
2016-02-14,旗山第一,
2016-02-14,鳳山第一,
2016-02-14,岡山文賢,
2016-02-14,大寮大發,
2016-02-14,橋頭市場,
2016-02-15,國民市場,166.0
2016-02-15,鹽埕示範,150.0
2016-02-15,新興第二,
2016-02-15,三民第二,183.0
2016-02-15,左營第四,145.0
2016-02-15,鼓山第三,166.0
2016-02-15,楠梓市場,142.0
2016-02-15,三民第一,
2016-02-15,苓雅市場,167.0
2016-02-15,中華市場,166.0
2016-02-15,旗山第一,
2016-02-15,鳳山第一,0.0
2016-02-15,岡山文賢,158.0
2016-02-15,大寮大發,148.0
2016-02-15,橋頭市場,150.0
2016-02-16,國民市場,166.0
2016-02-16,鹽埕示範,150.0
2016-02-16,新興第二,167.0
2016-02-16,三民第二,183.0
2016-02-16,左營第四,145.0
2016-02-16,鼓山第三,166.0
2016-02-16,楠梓市場,142.0
2016-02-16,三民第一,167.0
2016-02-16,苓雅市場,167.0
2016-02-16,中華市場,166.0
2016-02-16,旗山第一,136.0
2016-02-16,鳳山第一,0.0
2016-02-16,岡山文賢,158.0
2016-02-16,大寮大發,148.0
2016-02-16,橋頭市場,150.0
2016-02-17,國民市場,166.0
2016-02-17,鹽埕示範,
2016-02-17,新興第二,167.0
2016-02-17,三民第二,
2016-02-17,左營第四,145.0
2016-02-17,鼓山第三,166.0
2016-02-17,楠梓市場,142.0
2016-02-17,三民第一,167.0
2016-02-17,苓雅市場,167.0
2016-02-17,中華市場,166.0
2016-02-17,旗山第一,136.0
2016-02-17,鳳山第一,0.0
2016-02-17,岡山文賢,158.0
2016-02-17,大寮大發,148.0
2016-02-17,橋頭市場,150.0
2016-02-18,國民市場,166.0
2016-02-18,鹽埕示範,150.0
2016-02-18,新興第二,167.0
2016-02-18,三民第二,183.0
2016-02-18,左營第四,145.0
2016-02-18,鼓山第三,166.0
2016-02-18,楠梓市場,142.0
2016-02-18,三民第一,167.0
2016-02-18,苓雅市場,167.0
2016-02-18,中華市場,166.0
2016-02-18,旗山第一,136.0
2016-02-18,鳳山第一,0.0
2016-02-18,岡山文賢,158.0
2016-02-18,大寮大發,148.0
2016-02-18,橋頭市場,150.0
2016-02-19,國民市場,166.0
2016-02-19,鹽埕示範,150.0
2016-02-19,新興第二,167.0
2016-02-19,三民第二,166.0
2016-02-19,左營第四,145.0
2016-02-19,鼓山第三,166.0
2016-02-19,楠梓市場,142.0
2016-02-19,三民第一,167.0
2016-02-19,苓雅市場,167.0
2016-02-19,中華市場,
2016-02-19,旗山第一,136.0
2016-02-19,鳳山第一,0.0
2016-02-19,岡山文賢,158.0
2016-02-19,大寮大發,148.0
2016-02-19,橋頭市場,150.0
2016-02-20,國民市場,
2016-02-20,鹽埕示範,
2016-02-20,新興第二,
2016-02-20,三民第二,
2016-02-20,左營第四,
2016-02-20,鼓山第三,
2016-02-20,楠梓市場,
2016-02-20,三民第一,
2016-02-20,苓雅市場,
2016-02-20,中華市場,
2016-02-20,旗山第一,
2016-02-20,鳳山第一,
2016-02-20,岡山文賢,
2016-02-20,大寮大發,
2016-02-20,橋頭市場,
2016-02-21,國民市場,
2016-02-21,鹽埕示範,
2016-02-21,新興第二,
2016-02-21,三民第二,
2016-02-21,左營第四,
2016-02-21,鼓山第三,
2016-02-21,楠梓市場,
2016-02-21,三民第一,
2016-02-21,苓雅市場,
2016-02-21,中華市場,
2016-02-21,旗山第一,
2016-02-21,鳳山第一,
2016-02-21,岡山文賢,
2016-02-21,大寮大發,
2016-02-21,橋頭市場,
2016-02-22,國民市場,
2016-02-22,鹽埕示範,150.0
2016-02-22,新興第二,167.0
2016-02-22,三民第二,166.0
2016-02-22,左營第四,145.0
2016-02-22,鼓山第三,166.0
2016-02-22,楠梓市場,142.0
2016-02-22,三民第一,167.0
2016-02-22,苓雅市場,
2016-02-22,中華市場,166.0
2016-02-22,旗山第一,
2016-02-22,鳳山第一,0.0
2016-02-22,岡山文賢,200.0
2016-02-22,大寮大發,148.0
2016-02-22,橋頭市場,150.0
2016-02-23,國民市場,166.0
2016-02-23,鹽埕示範,150.0
2016-02-23,新興第二,167.0
2016-02-23,三民第二,166.0
2016-02-23,左營第四,145.0
2016-02-23,鼓山第三,166.0
2016-02-23,楠梓市場,142.0
2016-02-23,三民第一,167.0
2016-02-23,苓雅市場,166.0
2016-02-23,中華市場,166.0
2016-02-23,旗山第一,136.0
2016-02-23,鳳山第一,0.0
2016-02-23,岡山文賢,200.0
2016-02-23,大寮大發,156.0
2016-02-23,橋頭市場,150.0
2016-02-24,國民市場,166.0
2016-02-24,鹽埕示範,
2016-02-24,新興第二,
2016-02-24,三民第二,166.0
2016-02-24,左營第四,
2016-02-24,鼓山第三,
2016-02-24,楠梓市場,
2016-02-24,三民第一,
2016-02-24,苓雅市場,166.0
2016-02-24,中華市場,
2016-02-24,旗山第一,136.0
2016-02-24,鳳山第一,
2016-02-24,岡山文賢,200.0
2016-02-24,大寮大發,
2016-02-24,橋頭市場,150.0
2016-02-25,國民市場,166.0
2016-02-25,鹽埕示範,150.0
2016-02-25,新興第二,167.0
2016-02-25,三民第二,166.0
2016-02-25,左營第四,
2016-02-25,鼓山第三,166.0
2016-02-25,楠梓市場,142.0
2016-02-25,三民第一,167.0
2016-02-25,苓雅市場,166.0
2016-02-25,中華市場,166.0
2016-02-25,旗山第一,136.0
2016-02-25,鳳山第一,0.0
2016-02-25,岡山文賢,200.0
2016-02-25,大寮大發,
2016-02-25,橋頭市場,150.0
2016-02-26,國民市場,166.0
2016-02-26,鹽埕示範,150.0
2016-02-26,新興第二,
2016-02-26,三民第二,166.0
2016-02-26,左營第四,145.0
2016-02-26,鼓山第三,166.0
2016-02-26,楠梓市場,142.0
2016-02-26,三民第一,
2016-02-26,苓雅市場,166.0
2016-02-26,中華市場,166.0
2016-02-26,旗山第一,136.0
2016-02-26,鳳山第一,0.0
2016-02-26,岡山文賢,200.0
2016-02-26,大寮大發,156.0
2016-02-26,橋頭市場,150.0
2016-02-27,國民市場,
2016-02-27,鹽埕示範,
2016-02-27,新興第二,
2016-02-27,三民第二,
2016-02-27,左營第四,
2016-02-27,鼓山第三,
2016-02-27,楠梓市場,
2016-02-27,三民第一,
2016-02-27,苓雅市場,
2016-02-27,中華市場,
2016-02-27,旗山第一,
2016-02-27,鳳山第一,
2016-02-27,岡山文賢,
2016-02-27,大寮大發,
2016-02-27,橋頭市場,
2016-02-28,國民市場,
2016-02-28,鹽埕示範,
2016-02-28,新興第二,
2016-02-28,三民第二,
2016-02-28,左營第四,
2016-02-28,鼓山第三,
2016-02-28,楠梓市場,
2016-02-28,三民第一,
2016-02-28,苓雅市場,
2016-02-28,中華市場,
2016-02-28,旗山第一,
2016-02-28,鳳山第一,
2016-02-28,岡山文賢,
2016-02-28,大寮大發,
2016-02-28,橋頭市場,
2016-02-29,國民市場,
2016-02-29,鹽埕示範,
2016-02-29,新興第二,
2016-02-29,三民第二,
2016-02-29,左營第四,
2016-02-29,鼓山第三,
2016-02-29,楠梓市場,
2016-02-29,三民第一,
2016-02-29,苓雅市場,
2016-02-29,中華市場,
2016-02-29,旗山第一,
2016-02-29,鳳山第一,
2016-02-29,岡山文賢,
2016-02-29,大寮大發,
2016-02-29,橋頭市場,
2016-03-01,國民市場,166.0
2016-03-01,鹽埕示範,150.0
2016-03-01,新興第二,167.0
2016-03-01,三民第二,166.0
2016-03-01,左營第四,145.0
2016-03-01,鼓山第三,166.0
2016-03-01,楠梓市場,150.0
2016-03-01,三民第一,167.0
2016-03-01,苓雅市場,166.0
2016-03-01,中華市場,0.0
2016-03-01,旗山第一,136.0
2016-03-01,鳳山第一,0.0
2016-03-01,岡山文賢,183.0
2016-03-01,大寮大發,160.0
2016-03-01,橋頭市場,133.0
2016-03-02,國民市場,166.0
2016-03-02,鹽埕示範,
2016-03-02,新興第二,167.0
2016-03-02,三民第二,
2016-03-02,左營第四,145.0
2016-03-02,鼓山第三,166.0
2016-03-02,楠梓市場,150.0
2016-03-02,三民第一,167.0
2016-03-02,苓雅市場,166.0
2016-03-02,中華市場,0.0
2016-03-02,旗山第一,136.0
2016-03-02,鳳山第一,0.0
2016-03-02,岡山文賢,183.0
2016-03-02,大寮大發,152.0
2016-03-02,橋頭市場,133.0
2016-03-03,國民市場,166.0
2016-03-03,鹽埕示範,150.0
2016-03-03,新興第二,167.0
2016-03-03,三民第二,166.0
2016-03-03,左營第四,150.0
2016-03-03,鼓山第三,166.0
2016-03-03,楠梓市場,150.0
2016-03-03,三民第一,167.0
2016-03-03,苓雅市場,166.0
2016-03-03,中華市場,
2016-03-03,旗山第一,136.0
2016-03-03,鳳山第一,0.0
2016-03-03,岡山文賢,183.0
2016-03-03,大寮大發,152.0
2016-03-03,橋頭市場,133.0
2016-03-04,國民市場,166.0
2016-03-04,鹽埕示範,150.0
2016-03-04,新興第二,167.0
2016-03-04,三民第二,166.0
2016-03-04,左營第四,150.0
2016-03-04,鼓山第三,166.0
2016-03-04,楠梓市場,150.0
2016-03-04,三民第一,167.0
2016-03-04,苓雅市場,166.0
2016-03-04,中華市場,0.0
2016-03-04,旗山第一,136.0
2016-03-04,鳳山第一,0.0
2016-03-04,岡山文賢,183.0
2016-03-04,大寮大發,152.0
2016-03-04,橋頭市場,133.0
2016-03-05,國民市場,
2016-03-05,鹽埕示範,
2016-03-05,新興第二,
2016-03-05,三民第二,
2016-03-05,左營第四,
2016-03-05,鼓山第三,
2016-03-05,楠梓市場,
2016-03-05,三民第一,
2016-03-05,苓雅市場,
2016-03-05,中華市場,
2016-03-05,旗山第一,
2016-03-05,鳳山第一,
2016-03-05,岡山文賢,
2016-03-05,大寮大發,
2016-03-05,橋頭市場,
2016-03-06,國民市場,
2016-03-06,鹽埕示範,
2016-03-06,新興第二,
2016-03-06,三民第二,
2016-03-06,左營第四,
2016-03-06,鼓山第三,
2016-03-06,楠梓市場,
2016-03-06,三民第一,
2016-03-06,苓雅市場,
2016-03-06,中華市場,
2016-03-06,旗山第一,
2016-03-06,鳳山第一,
2016-03-06,岡山文賢,
2016-03-06,大寮大發,
2016-03-06,橋頭市場,
2016-03-07,國民市場,
2016-03-07,鹽埕示範,150.0
2016-03-07,新興第二,167.0
2016-03-07,三民第二,166.0
2016-03-07,左營第四,150.0
2016-03-07,鼓山第三,166.0
2016-03-07,楠梓市場,150.0
2016-03-07,三民第一,167.0
2016-03-07,苓雅市場,
2016-03-07,中華市場,0.0
2016-03-07,旗山第一,
2016-03-07,鳳山第一,0.0
2016-03-07,岡山文賢,217.0
2016-03-07,大寮大發,152.0
2016-03-07,橋頭市場,0.0
2016-03-08,國民市場,166.0
2016-03-08,鹽埕示範,150.0
2016-03-08,新興第二,167.0
2016-03-08,三民第二,166.0
2016-03-08,左營第四,150.0
2016-03-08,鼓山第三,166.0
2016-03-08,楠梓市場,150.0
2016-03-08,三民第一,167.0
2016-03-08,苓雅市場,166.0
2016-03-08,中華市場,0.0
2016-03-08,旗山第一,136.0
2016-03-08,鳳山第一,0.0
2016-03-08,岡山文賢,217.0
2016-03-08,大寮大發,160.0
2016-03-08,橋頭市場,0.0
2016-03-09,國民市場,166.0
2016-03-09,鹽埕示範,150.0
2016-03-09,新興第二,167.0
2016-03-09,三民第二,166.0
2016-03-09,左營第四,150.0
2016-03-09,鼓山第三,
2016-03-09,楠梓市場,
2016-03-09,三民第一,167.0
2016-03-09,苓雅市場,166.0
2016-03-09,中華市場,0.0
2016-03-09,旗山第一,136.0
2016-03-09,鳳山第一,0.0
2016-03-09,岡山文賢,217.0
2016-03-09,大寮大發,160.0
2016-03-09,橋頭市場,0.0
2016-03-10,國民市場,183.0
2016-03-10,鹽埕示範,150.0
2016-03-10,新興第二,167.0
2016-03-10,三民第二,166.0
2016-03-10,左營第四,150.0
2016-03-10,鼓山第三,166.0
2016-03-10,楠梓市場,150.0
2016-03-10,三民第一,167.0
2016-03-10,苓雅市場,166.0
2016-03-10,中華市場,0.0
2016-03-10,旗山第一,136.0
2016-03-10,鳳山第一,0.0
2016-03-10,岡山文賢,217.0
2016-03-10,大寮大發,156.0
2016-03-10,橋頭市場,0.0
2016-03-11,國民市場,183.0
2016-03-11,鹽埕示範,150.0
2016-03-11,新興第二,
2016-03-11,三民第二,166.0
2016-03-11,左營第四,150.0
2016-03-11,鼓山第三,166.0
2016-03-11,楠梓市場,150.0
2016-03-11,三民第一,
2016-03-11,苓雅市場,166.0
2016-03-11,中華市場,0.0
2016-03-11,旗山第一,136.0
2016-03-11,鳳山第一,0.0
2016-03-11,岡山文賢,217.0
2016-03-11,大寮大發,156.0
2016-03-11,橋頭市場,0.0
2016-03-12,國民市場,
2016-03-12,鹽埕示範,
2016-03-12,新興第二,
2016-03-12,三民第二,
2016-03-12,左營第四,
2016-03-12,鼓山第三,
2016-03-12,楠梓市場,
2016-03-12,三民第一,
2016-03-12,苓雅市場,
2016-03-12,中華市場,
2016-03-12,旗山第一,
2016-03-12,鳳山第一,
2016-03-12,岡山文賢,
2016-03-12,大寮大發,
2016-03-12,橋頭市場,
2016-03-13,國民市場,
2016-03-13,鹽埕示範,
2016-03-13,新興第二,
2016-03-13,三民第二,
2016-03-13,左營第四,
2016-03-13,鼓山第三,
2016-03-13,楠梓市場,
2016-03-13,三民第一,
2016-03-13,苓雅市場,
2016-03-13,中華市場,
2016-03-13,旗山第一,
2016-03-13,鳳山第一,
2016-03-13,岡山文賢,
2016-03-13,大寮大發,
2016-03-13,橋頭市場,
2016-03-14,國民市場,166.0
2016-03-14,鹽埕示範,150.0
2016-03-14,新興第二,167.0
2016-03-14,三民第二,166.0
2016-03-14,左營第四,150.0
2016-03-14,鼓山第三,166.0
2016-03-14,楠梓市場,150.0
2016-03-14,三民第一,167.0
2016-03-14,苓雅市場,166.0
2016-03-14,中華市場,0.0
2016-03-14,旗山第一,
2016-03-14,鳳山第一,0.0
2016-03-14,岡山文賢,217.0
2016-03-14,大寮大發,160.0
2016-03-14,橋頭市場,0.0
2016-03-15,國民市場,166.0
2016-03-15,鹽埕示範,
2016-03-15,新興第二,167.0
2016-03-15,三民第二,
2016-03-15,左營第四,150.0
2016-03-15,鼓山第三,166.0
2016-03-15,楠梓市場,150.0
2016-03-15,三民第一,167.0
2016-03-15,苓雅市場,166.0
2016-03-15,中華市場,0.0
2016-03-15,旗山第一,136.0
2016-03-15,鳳山第一,0.0
2016-03-15,岡山文賢,217.0
2016-03-15,大寮大發,160.0
2016-03-15,橋頭市場,0.0
2016-03-16,國民市場,166.0
2016-03-16,鹽埕示範,150.0
2016-03-16,新興第二,167.0
2016-03-16,三民第二,166.0
2016-03-16,左營第四,150.0
2016-03-16,鼓山第三,166.0
2016-03-16,楠梓市場,150.0
2016-03-16,三民第一,167.0
2016-03-16,苓雅市場,166.0
2016-03-16,中華市場,0.0
2016-03-16,旗山第一,136.0
2016-03-16,鳳山第一,0.0
2016-03-16,岡山文賢,217.0
2016-03-16,大寮大發,160.0
2016-03-16,橋頭市場,0.0
2016-03-17,國民市場,166.0
2016-03-17,鹽埕示範,150.0
2016-03-17,新興第二,167.0
2016-03-17,三民第二,166.0
2016-03-17,左營第四,150.0
2016-03-17,鼓山第三,166.0
2016-03-17,楠梓市場,150.0
2016-03-17,三民第一,167.0
2016-03-17,苓雅市場,166.0
2016-03-17,中華市場,
2016-03-17,旗山第一,140.0
2016-03-17,鳳山第一,0.0
2016-03-17,岡山文賢,217.0
2016-03-17,大寮大發,156.0
2016-03-17,橋頭市場,0.0
2016-03-18,國民市場,
2016-03-18,鹽埕示範,150.0
2016-03-18,新興第二,167.0
2016-03-18,三民第二,166.0
2016-03-18,左營第四,150.0
2016-03-18,鼓山第三,166.0
2016-03-18,楠梓市場,150.0
2016-03-18,三民第一,167.0
2016-03-18,苓雅市場,
2016-03-18,中華市場,0.0
2016-03-18,旗山第一,140.0
2016-03-18,鳳山第一,0.0
2016-03-18,岡山文賢,217.0
2016-03-18,大寮大發,156.0
2016-03-18,橋頭市場,0.0
2016-03-19,國民市場,
2016-03-19,鹽埕示範,
2016-03-19,新興第二,
2016-03-19,三民第二,
2016-03-19,左營第四,
2016-03-19,鼓山第三,
2016-03-19,楠梓市場,
2016-03-19,三民第一,
2016-03-19,苓雅市場,
2016-03-19,中華市場,
2016-03-19,旗山第一,
2016-03-19,鳳山第一,
2016-03-19,岡山文賢,
2016-03-19,大寮大發,
2016-03-19,橋頭市場,
2016-03-20,國民市場,
2016-03-20,鹽埕示範,
2016-03-20,新興第二,
2016-03-20,三民第二,
2016-03-20,左營第四,
2016-03-20,鼓山第三,
2016-03-20,楠梓市場,
2016-03-20,三民第一,
2016-03-20,苓雅市場,
2016-03-20,中華市場,
2016-03-20,旗山第一,
2016-03-20,鳳山第一,
2016-03-20,岡山文賢,
2016-03-20,大寮大發,
2016-03-20,橋頭市場,
2016-03-21,國民市場,
2016-03-21,鹽埕示範,150.0
2016-03-21,新興第二,167.0
2016-03-21,三民第二,166.0
2016-03-21,左營第四,150.0
2016-03-21,鼓山第三,166.0
2016-03-21,楠梓市場,150.0
2016-03-21,三民第一,167.0
2016-03-21,苓雅市場,166.0
2016-03-21,中華市場,0.0
2016-03-21,旗山第一,
2016-03-21,鳳山第一,0.0
2016-03-21,岡山文賢,217.0
2016-03-21,大寮大發,160.0
2016-03-21,橋頭市場,166.0
2016-03-22,國民市場,166.0
2016-03-22,鹽埕示範,150.0
2016-03-22,新興第二,167.0
2016-03-22,三民第二,166.0
2016-03-22,左營第四,150.0
2016-03-22,鼓山第三,
2016-03-22,楠梓市場,150.0
2016-03-22,三民第一,167.0
2016-03-22,苓雅市場,166.0
2016-03-22,中華市場,0.0
2016-03-22,旗山第一,140.0
2016-03-22,鳳山第一,0.0
2016-03-22,岡山文賢,217.0
2016-03-22,大寮大發,160.0
2016-03-22,橋頭市場,166.0
2016-03-23,國民市場,166.0
2016-03-23,鹽埕示範,150.0
2016-03-23,新興第二,167.0
2016-03-23,三民第二,166.0
2016-03-23,左營第四,
2016-03-23,鼓山第三,166.0
2016-03-23,楠梓市場,
2016-03-23,三民第一,167.0
2016-03-23,苓雅市場,166.0
2016-03-23,中華市場,0.0
2016-03-23,旗山第一,140.0
2016-03-23,鳳山第一,0.0
2016-03-23,岡山文賢,217.0
2016-03-23,大寮大發,160.0
2016-03-23,橋頭市場,166.0
2016-03-24,國民市場,166.0
2016-03-24,鹽埕示範,150.0
2016-03-24,新興第二,
2016-03-24,三民第二,166.0
2016-03-24,左營第四,150.0
2016-03-24,鼓山第三,166.0
2016-03-24,楠梓市場,150.0
2016-03-24,三民第一,
2016-03-24,苓雅市場,166.0
2016-03-24,中華市場,0.0
2016-03-24,旗山第一,140.0
2016-03-24,鳳山第一,0.0
2016-03-24,岡山文賢,217.0
2016-03-24,大寮大發,160.0
2016-03-24,橋頭市場,166.0
2016-03-25,國民市場,
2016-03-25,鹽埕示範,
2016-03-25,新興第二,
2016-03-25,三民第二,
2016-03-25,左營第四,
2016-03-25,鼓山第三,166.0
2016-03-25,楠梓市場,
2016-03-25,三民第一,
2016-03-25,苓雅市場,
2016-03-25,中華市場,
2016-03-25,旗山第一,140.0
2016-03-25,鳳山第一,
2016-03-25,岡山文賢,217.0
2016-03-25,大寮大發,
2016-03-25,橋頭市場,166.0
2016-03-26,國民市場,
2016-03-26,鹽埕示範,
2016-03-26,新興第二,
2016-03-26,三民第二,
2016-03-26,左營第四,
2016-03-26,鼓山第三,
2016-03-26,楠梓市場,
2016-03-26,三民第一,
2016-03-26,苓雅市場,
2016-03-26,中華市場,
2016-03-26,旗山第一,
2016-03-26,鳳山第一,
2016-03-26,岡山文賢,
2016-03-26,大寮大發,
2016-03-26,橋頭市場,
2016-03-27,國民市場,
2016-03-27,鹽埕示範,
2016-03-27,新興第二,
2016-03-27,三民第二,
2016-03-27,左營第四,
2016-03-27,鼓山第三,
2016-03-27,楠梓市場,
2016-03-27,三民第一,
2016-03-27,苓雅市場,
2016-03-27,中華市場,
2016-03-27,旗山第一,
2016-03-27,鳳山第一,
2016-03-27,岡山文賢,
2016-03-27,大寮大發,
2016-03-27,橋頭市場,
2016-03-28,國民市場,0.0
2016-03-28,鹽埕示範,
2016-03-28,新興第二,167.0
2016-03-28,三民第二,
2016-03-28,左營第四,150.0
2016-03-28,鼓山第三,166.0
2016-03-28,楠梓市場,150.0
2016-03-28,三民第一,167.0
2016-03-28,苓雅市場,166.0
2016-03-28,中華市場,0.0
2016-03-28,旗山第一,
2016-03-28,鳳山第一,0.0
2016-03-28,岡山文賢,217.0
2016-03-28,大寮大發,160.0
2016-03-28,橋頭市場,166.0
2016-03-29,國民市場,0.0
2016-03-29,鹽埕示範,150.0
2016-03-29,新興第二,167.0
2016-03-29,三民第二,166.0
2016-03-29,左營第四,150.0
2016-03-29,鼓山第三,166.0
2016-03-29,楠梓市場,150.0
2016-03-29,三民第一,167.0
2016-03-29,苓雅市場,166.0
2016-03-29,中華市場,
2016-03-29,旗山第一,140.0
2016-03-29,鳳山第一,0.0
2016-03-29,岡山文賢,217.0
2016-03-29,大寮大發,160.0
2016-03-29,橋頭市場,166.0
2016-03-30,國民市場,0.0
2016-03-30,鹽埕示範,150.0
2016-03-30,新興第二,167.0
2016-03-30,三民第二,166.0
2016-03-30,左營第四,150.0
2016-03-30,鼓山第三,166.0
2016-03-30,楠梓市場,150.0
2016-03-30,三民第一,167.0
2016-03-30,苓雅市場,166.0
2016-03-30,中華市場,0.0
2016-03-30,旗山第一,140.0
2016-03-30,鳳山第一,0.0
2016-03-30,岡山文賢,217.0
2016-03-30,大寮大發,160.0
2016-03-30,橋頭市場,166.0
2016-03-31,國民市場,
2016-03-31,鹽埕示範,150.0
2016-03-31,新興第二,167.0
2016-03-31,三民第二,166.0
2016-03-31,左營第四,150.0
2016-03-31,鼓山第三,
2016-03-31,楠梓市場,150.0
2016-03-31,三民第一,167.0
2016-03-31,苓雅市場,
2016-03-31,中華市場,0.0
2016-03-31,旗山第一,140.0
2016-03-31,鳳山第一,0.0
2016-03-31,岡山文賢,217.0
2016-03-31,大寮大發,156.0
2016-03-31,橋頭市場,166.0
2016-04-01,國民市場,0.0
2016-04-01,鹽埕示範,150.0
2016-04-01,新興第二,167.0
2016-04-01,三民第二,166.0
2016-04-01,左營第四,150.0
2016-04-01,鼓山第三,166.0
2016-04-01,楠梓市場,150.0
2016-04-01,三民第一,167.0
2016-04-01,苓雅市場,166.0
2016-04-01,中華市場,0.0
2016-04-01,旗山第一,140.0
2016-04-01,鳳山第一,0.0
2016-04-01,岡山文賢,217.0
2016-04-01,大寮大發,156.0
2016-04-01,橋頭市場,166.0
2016-04-02,國民市場,
2016-04-02,鹽埕示範,
2016-04-02,新興第二,
2016-04-02,三民第二,
2016-04-02,左營第四,
2016-04-02,鼓山第三,
2016-04-02,楠梓市場,
2016-04-02,三民第一,167.0
2016-04-02,苓雅市場,
2016-04-02,中華市場,
2016-04-02,旗山第一,
2016-04-02,鳳山第一,
2016-04-02,岡山文賢,
2016-04-02,大寮大發,
2016-04-02,橋頭市場,
2016-04-03,國民市場,
2016-04-03,鹽埕示範,
2016-04-03,新興第二,
2016-04-03,三民第二,
2016-04-03,左營第四,
2016-04-03,鼓山第三,
2016-04-03,楠梓市場,
2016-04-03,三民第一,
2016-04-03,苓雅市場,
2016-04-03,中華市場,
2016-04-03,旗山第一,
2016-04-03,鳳山第一,
2016-04-03,岡山文賢,
2016-04-03,大寮大發,
2016-04-03,橋頭市場,
2016-04-04,國民市場,
2016-04-04,鹽埕示範,
2016-04-04,新興第二,
2016-04-04,三民第二,
2016-04-04,左營第四,
2016-04-04,鼓山第三,
2016-04-04,楠梓市場,
2016-04-04,三民第一,
2016-04-04,苓雅市場,
2016-04-04,中華市場,
2016-04-04,旗山第一,
2016-04-04,鳳山第一,
2016-04-04,岡山文賢,
2016-04-04,大寮大發,
2016-04-04,橋頭市場,
2016-04-05,國民市場,
2016-04-05,鹽埕示範,
2016-04-05,新興第二,
2016-04-05,三民第二,
2016-04-05,左營第四,
2016-04-05,鼓山第三,
2016-04-05,楠梓市場,
2016-04-05,三民第一,
2016-04-05,苓雅市場,
2016-04-05,中華市場,
2016-04-05,旗山第一,
2016-04-05,鳳山第一,
2016-04-05,岡山文賢,
2016-04-05,大寮大發,
2016-04-05,橋頭市場,
2016-04-06,國民市場,0.0
2016-04-06,鹽埕示範,150.0
2016-04-06,新興第二,167.0
2016-04-06,三民第二,166.0
2016-04-06,左營第四,150.0
2016-04-06,鼓山第三,166.0
2016-04-06,楠梓市場,150.0
2016-04-06,三民第一,167.0
2016-04-06,苓雅市場,166.0
2016-04-06,中華市場,0.0
2016-04-06,旗山第一,140.0
2016-04-06,鳳山第一,0.0
2016-04-06,岡山文賢,217.0
2016-04-06,大寮大發,156.0
2016-04-06,橋頭市場,0.0
2016-04-07,國民市場,0.0
2016-04-07,鹽埕示範,150.0
2016-04-07,新興第二,167.0
2016-04-07,三民第二,166.0
2016-04-07,左營第四,
2016-04-07,鼓山第三,166.0
2016-04-07,楠梓市場,150.0
2016-04-07,三民第一,
2016-04-07,苓雅市場,166.0
2016-04-07,中華市場,0.0
2016-04-07,旗山第一,140.0
2016-04-07,鳳山第一,0.0
2016-04-07,岡山文賢,217.0
2016-04-07,大寮大發,164.0
2016-04-07,橋頭市場,0.0
2016-04-08,國民市場,0.0
2016-04-08,鹽埕示範,150.0
2016-04-08,新興第二,
2016-04-08,三民第二,166.0
2016-04-08,左營第四,150.0
2016-04-08,鼓山第三,166.0
2016-04-08,楠梓市場,150.0
2016-04-08,三民第一,0.0
2016-04-08,苓雅市場,166.0
2016-04-08,中華市場,0.0
2016-04-08,旗山第一,140.0
2016-04-08,鳳山第一,0.0
2016-04-08,岡山文賢,217.0
2016-04-08,大寮大發,164.0
2016-04-08,橋頭市場,0.0
2016-04-09,國民市場,
2016-04-09,鹽埕示範,
2016-04-09,新興第二,
2016-04-09,三民第二,
2016-04-09,左營第四,
2016-04-09,鼓山第三,
2016-04-09,楠梓市場,
2016-04-09,三民第一,
2016-04-09,苓雅市場,
2016-04-09,中華市場,
2016-04-09,旗山第一,
2016-04-09,鳳山第一,
2016-04-09,岡山文賢,
2016-04-09,大寮大發,
2016-04-09,橋頭市場,
2016-04-10,國民市場,
2016-04-10,鹽埕示範,
2016-04-10,新興第二,
2016-04-10,三民第二,
2016-04-10,左營第四,
2016-04-10,鼓山第三,
2016-04-10,楠梓市場,
2016-04-10,三民第一,
2016-04-10,苓雅市場,
2016-04-10,中華市場,
2016-04-10,旗山第一,
2016-04-10,鳳山第一,
2016-04-10,岡山文賢,
2016-04-10,大寮大發,
2016-04-10,橋頭市場,
2016-04-11,國民市場,166.0
2016-04-11,鹽埕示範,150.0
2016-04-11,新興第二,167.0
2016-04-11,三民第二,166.0
2016-04-11,左營第四,150.0
2016-04-11,鼓山第三,166.0
2016-04-11,楠梓市場,150.0
2016-04-11,三民第一,167.0
2016-04-11,苓雅市場,166.0
2016-04-11,中華市場,0.0
2016-04-11,旗山第一,
2016-04-11,鳳山第一,0.0
2016-04-11,岡山文賢,217.0
2016-04-11,大寮大發,160.0
2016-04-11,橋頭市場,0.0
2016-04-12,國民市場,166.0
2016-04-12,鹽埕示範,
2016-04-12,新興第二,167.0
2016-04-12,三民第二,
2016-04-12,左營第四,150.0
2016-04-12,鼓山第三,166.0
2016-04-12,楠梓市場,150.0
2016-04-12,三民第一,167.0
2016-04-12,苓雅市場,166.0
2016-04-12,中華市場,0.0
2016-04-12,旗山第一,140.0
2016-04-12,鳳山第一,0.0
2016-04-12,岡山文賢,217.0
2016-04-12,大寮大發,160.0
2016-04-12,橋頭市場,0.0
2016-04-13,國民市場,166.0
2016-04-13,鹽埕示範,150.0
2016-04-13,新興第二,167.0
2016-04-13,三民第二,166.0
2016-04-13,左營第四,150.0
2016-04-13,鼓山第三,166.0
2016-04-13,楠梓市場,150.0
2016-04-13,三民第一,167.0
2016-04-13,苓雅市場,166.0
2016-04-13,中華市場,0.0
2016-04-13,旗山第一,140.0
2016-04-13,鳳山第一,0.0
2016-04-13,岡山文賢,217.0
2016-04-13,大寮大發,168.0
2016-04-13,橋頭市場,0.0
2016-04-14,國民市場,166.0
2016-04-14,鹽埕示範,150.0
2016-04-14,新興第二,167.0
2016-04-14,三民第二,166.0
2016-04-14,左營第四,150.0
2016-04-14,鼓山第三,166.0
2016-04-14,楠梓市場,150.0
2016-04-14,三民第一,167.0
2016-04-14,苓雅市場,166.0
2016-04-14,中華市場,0.0
2016-04-14,旗山第一,140.0
2016-04-14,鳳山第一,0.0
2016-04-14,岡山文賢,217.0
2016-04-14,大寮大發,168.0
2016-04-14,橋頭市場,0.0
2016-04-15,國民市場,
2016-04-15,鹽埕示範,150.0
2016-04-15,新興第二,167.0
2016-04-15,三民第二,166.0
2016-04-15,左營第四,150.0
2016-04-15,鼓山第三,166.0
2016-04-15,楠梓市場,150.0
2016-04-15,三民第一,167.0
2016-04-15,苓雅市場,166.0
2016-04-15,中華市場,0.0
2016-04-15,旗山第一,140.0
2016-04-15,鳳山第一,0.0
2016-04-15,岡山文賢,217.0
2016-04-15,大寮大發,168.0
2016-04-15,橋頭市場,0.0
2016-04-16,國民市場,
2016-04-16,鹽埕示範,
2016-04-16,新興第二,
2016-04-16,三民第二,
2016-04-16,左營第四,
2016-04-16,鼓山第三,
2016-04-16,楠梓市場,
2016-04-16,三民第一,
2016-04-16,苓雅市場,
2016-04-16,中華市場,
2016-04-16,旗山第一,
2016-04-16,鳳山第一,
2016-04-16,岡山文賢,
2016-04-16,大寮大發,
2016-04-16,橋頭市場,
2016-04-17,國民市場,
2016-04-17,鹽埕示範,
2016-04-17,新興第二,
2016-04-17,三民第二,
2016-04-17,左營第四,
2016-04-17,鼓山第三,
2016-04-17,楠梓市場,
2016-04-17,三民第一,
2016-04-17,苓雅市場,
2016-04-17,中華市場,
2016-04-17,旗山第一,
2016-04-17,鳳山第一,
2016-04-17,岡山文賢,
2016-04-17,大寮大發,
2016-04-17,橋頭市場,
2016-04-18,國民市場,
2016-04-18,鹽埕示範,150.0
2016-04-18,新興第二,167.0
2016-04-18,三民第二,166.0
2016-04-18,左營第四,150.0
2016-04-18,鼓山第三,166.0
2016-04-18,楠梓市場,150.0
2016-04-18,三民第一,167.0
2016-04-18,苓雅市場,166.0
2016-04-18,中華市場,0.0
2016-04-18,旗山第一,
2016-04-18,鳳山第一,0.0
2016-04-18,岡山文賢,217.0
2016-04-18,大寮大發,168.0
2016-04-18,橋頭市場,0.0
2016-04-19,國民市場,200.0
2016-04-19,鹽埕示範,150.0
2016-04-19,新興第二,167.0
2016-04-19,三民第二,166.0
2016-04-19,左營第四,150.0
2016-04-19,鼓山第三,
2016-04-19,楠梓市場,
2016-04-19,三民第一,167.0
2016-04-19,苓雅市場,166.0
2016-04-19,中華市場,0.0
2016-04-19,旗山第一,140.0
2016-04-19,鳳山第一,0.0
2016-04-19,岡山文賢,217.0
2016-04-19,大寮大發,160.0
2016-04-19,橋頭市場,0.0
2016-04-20,國民市場,200.0
2016-04-20,鹽埕示範,150.0
2016-04-20,新興第二,167.0
2016-04-20,三民第二,166.0
2016-04-20,左營第四,
2016-04-20,鼓山第三,166.0
2016-04-20,楠梓市場,150.0
2016-04-20,三民第一,167.0
2016-04-20,苓雅市場,166.0
2016-04-20,中華市場,0.0
2016-04-20,旗山第一,140.0
2016-04-20,鳳山第一,0.0
2016-04-20,岡山文賢,217.0
2016-04-20,大寮大發,160.0
2016-04-20,橋頭市場,0.0
2016-04-21,國民市場,200.0
2016-04-21,鹽埕示範,150.0
2016-04-21,新興第二,
2016-04-21,三民第二,166.0
2016-04-21,左營第四,150.0
2016-04-21,鼓山第三,166.0
2016-04-21,楠梓市場,150.0
2016-04-21,三民第一,
2016-04-21,苓雅市場,166.0
2016-04-21,中華市場,0.0
2016-04-21,旗山第一,140.0
2016-04-21,鳳山第一,0.0
2016-04-21,岡山文賢,217.0
2016-04-21,大寮大發,160.0
2016-04-21,橋頭市場,0.0
2016-04-22,國民市場,200.0
2016-04-22,鹽埕示範,150.0
2016-04-22,新興第二,167.0
2016-04-22,三民第二,166.0
2016-04-22,左營第四,150.0
2016-04-22,鼓山第三,166.0
2016-04-22,楠梓市場,150.0
2016-04-22,三民第一,167.0
2016-04-22,苓雅市場,166.0
2016-04-22,中華市場,0.0
2016-04-22,旗山第一,140.0
2016-04-22,鳳山第一,0.0
2016-04-22,岡山文賢,217.0
2016-04-22,大寮大發,160.0
2016-04-22,橋頭市場,0.0
2016-04-23,國民市場,
2016-04-23,鹽埕示範,
2016-04-23,新興第二,
2016-04-23,三民第二,
2016-04-23,左營第四,
2016-04-23,鼓山第三,
2016-04-23,楠梓市場,
2016-04-23,三民第一,
2016-04-23,苓雅市場,
2016-04-23,中華市場,
2016-04-23,旗山第一,
2016-04-23,鳳山第一,
2016-04-23,岡山文賢,
2016-04-23,大寮大發,
2016-04-23,橋頭市場,
2016-04-24,國民市場,
2016-04-24,鹽埕示範,
2016-04-24,新興第二,
2016-04-24,三民第二,
2016-04-24,左營第四,
2016-04-24,鼓山第三,
2016-04-24,楠梓市場,
2016-04-24,三民第一,
2016-04-24,苓雅市場,
2016-04-24,中華市場,
2016-04-24,旗山第一,
2016-04-24,鳳山第一,
2016-04-24,岡山文賢,
2016-04-24,大寮大發,
2016-04-24,橋頭市場,
2016-04-25,國民市場,200.0
2016-04-25,鹽埕示範,
2016-04-25,新興第二,167.0
2016-04-25,三民第二,
2016-04-25,左營第四,150.0
2016-04-25,鼓山第三,166.0
2016-04-25,楠梓市場,200.0
2016-04-25,三民第一,167.0
2016-04-25,苓雅市場,166.0
2016-04-25,中華市場,0.0
2016-04-25,旗山第一,
2016-04-25,鳳山第一,0.0
2016-04-25,岡山文賢,217.0
2016-04-25,大寮大發,160.0
2016-04-25,橋頭市場,0.0
2016-04-26,國民市場,183.0
2016-04-26,鹽埕示範,150.0
2016-04-26,新興第二,167.0
2016-04-26,三民第二,166.0
2016-04-26,左營第四,150.0
2016-04-26,鼓山第三,166.0
2016-04-26,楠梓市場,200.0
2016-04-26,三民第一,167.0
2016-04-26,苓雅市場,166.0
2016-04-26,中華市場,0.0
2016-04-26,旗山第一,140.0
2016-04-26,鳳山第一,0.0
2016-04-26,岡山文賢,217.0
2016-04-26,大寮大發,160.0
2016-04-26,橋頭市場,0.0
2016-04-27,國民市場,183.0
2016-04-27,鹽埕示範,166.0
2016-04-27,新興第二,167.0
2016-04-27,三民第二,166.0
2016-04-27,左營第四,150.0
2016-04-27,鼓山第三,166.0
2016-04-27,楠梓市場,200.0
2016-04-27,三民第一,167.0
2016-04-27,苓雅市場,166.0
2016-04-27,中華市場,0.0
2016-04-27,旗山第一,140.0
2016-04-27,鳳山第一,0.0
2016-04-27,岡山文賢,217.0
2016-04-27,大寮大發,160.0
2016-04-27,橋頭市場,0.0
2016-04-28,國民市場,
2016-04-28,鹽埕示範,166.0
2016-04-28,新興第二,167.0
2016-04-28,三民第二,166.0
2016-04-28,左營第四,150.0
2016-04-28,鼓山第三,166.0
2016-04-28,楠梓市場,200.0
2016-04-28,三民第一,167.0
2016-04-28,苓雅市場,
2016-04-28,中華市場,0.0
2016-04-28,旗山第一,140.0
2016-04-28,鳳山第一,0.0
2016-04-28,岡山文賢,217.0
2016-04-28,大寮大發,152.0
2016-04-28,橋頭市場,0.0
2016-04-29,國民市場,183.0
2016-04-29,鹽埕示範,166.0
2016-04-29,新興第二,167.0
2016-04-29,三民第二,166.0
2016-04-29,左營第四,150.0
2016-04-29,鼓山第三,166.0
2016-04-29,楠梓市場,200.0
2016-04-29,三民第一,167.0
2016-04-29,苓雅市場,166.0
2016-04-29,中華市場,0.0
2016-04-29,旗山第一,140.0
2016-04-29,鳳山第一,0.0
2016-04-29,岡山文賢,217.0
2016-04-29,大寮大發,152.0
2016-04-29,橋頭市場,0.0
2016-04-30,國民市場,
2016-04-30,鹽埕示範,
2016-04-30,新興第二,
2016-04-30,三民第二,
2016-04-30,左營第四,
2016-04-30,鼓山第三,
2016-04-30,楠梓市場,
2016-04-30,三民第一,
2016-04-30,苓雅市場,
2016-04-30,中華市場,
2016-04-30,旗山第一,
2016-04-30,鳳山第一,
2016-04-30,岡山文賢,
2016-04-30,大寮大發,
2016-04-30,橋頭市場,
2016-05-01,國民市場,
2016-05-01,鹽埕示範,
2016-05-01,新興第二,
2016-05-01,三民第二,
2016-05-01,左營第四,
2016-05-01,鼓山第三,
2016-05-01,楠梓市場,
2016-05-01,三民第一,
2016-05-01,苓雅市場,
2016-05-01,中華市場,
2016-05-01,旗山第一,
2016-05-01,鳳山第一,
2016-05-01,岡山文賢,
2016-05-01,大寮大發,
2016-05-01,橋頭市場,
2016-05-02,國民市場,200.0
2016-05-02,鹽埕示範,166.0
2016-05-02,新興第二,167.0
2016-05-02,三民第二,0.0
2016-05-02,左營第四,150.0
2016-05-02,鼓山第三,
2016-05-02,楠梓市場,
2016-05-02,三民第一,167.0
2016-05-02,苓雅市場,166.0
2016-05-02,中華市場,0.0
2016-05-02,旗山第一,
2016-05-02,鳳山第一,0.0
2016-05-02,岡山文賢,200.0
2016-05-02,大寮大發,
2016-05-02,橋頭市場,
2016-05-03,國民市場,200.0
2016-05-03,鹽埕示範,166.0
2016-05-03,新興第二,167.0
2016-05-03,三民第二,0.0
2016-05-03,左營第四,150.0
2016-05-03,鼓山第三,166.0
2016-05-03,楠梓市場,200.0
2016-05-03,三民第一,167.0
2016-05-03,苓雅市場,166.0
2016-05-03,中華市場,0.0
2016-05-03,旗山第一,140.0
2016-05-03,鳳山第一,0.0
2016-05-03,岡山文賢,200.0
2016-05-03,大寮大發,152.0
2016-05-03,橋頭市場,150.0
2016-05-04,國民市場,200.0
2016-05-04,鹽埕示範,166.0
2016-05-04,新興第二,167.0
2016-05-04,三民第二,0.0
2016-05-04,左營第四,150.0
2016-05-04,鼓山第三,166.0
2016-05-04,楠梓市場,200.0
2016-05-04,三民第一,167.0
2016-05-04,苓雅市場,166.0
2016-05-04,中華市場,0.0
2016-05-04,旗山第一,140.0
2016-05-04,鳳山第一,0.0
2016-05-04,岡山文賢,200.0
2016-05-04,大寮大發,152.0
2016-05-04,橋頭市場,150.0
2016-05-05,國民市場,200.0
2016-05-05,鹽埕示範,166.0
2016-05-05,新興第二,167.0
2016-05-05,三民第二,0.0
2016-05-05,左營第四,150.0
2016-05-05,鼓山第三,166.0
2016-05-05,楠梓市場,200.0
2016-05-05,三民第一,167.0
2016-05-05,苓雅市場,166.0
2016-05-05,中華市場,0.0
2016-05-05,旗山第一,140.0
2016-05-05,鳳山第一,0.0
2016-05-05,岡山文賢,200.0
2016-05-05,大寮大發,152.0
2016-05-05,橋頭市場,150.0
2016-05-06,國民市場,200.0
2016-05-06,鹽埕示範,
2016-05-06,新興第二,167.0
2016-05-06,三民第二,0.0
2016-05-06,左營第四,150.0
2016-05-06,鼓山第三,166.0
2016-05-06,楠梓市場,200.0
2016-05-06,三民第一,167.0
2016-05-06,苓雅市場,166.0
2016-05-06,中華市場,0.0
2016-05-06,旗山第一,140.0
2016-05-06,鳳山第一,0.0
2016-05-06,岡山文賢,200.0
2016-05-06,大寮大發,152.0
2016-05-06,橋頭市場,150.0
2016-05-07,國民市場,
2016-05-07,鹽埕示範,
2016-05-07,新興第二,
2016-05-07,三民第二,
2016-05-07,左營第四,
2016-05-07,鼓山第三,
2016-05-07,楠梓市場,
2016-05-07,三民第一,
2016-05-07,苓雅市場,
2016-05-07,中華市場,
2016-05-07,旗山第一,
2016-05-07,鳳山第一,
2016-05-07,岡山文賢,
2016-05-07,大寮大發,
2016-05-07,橋頭市場,
2016-05-08,國民市場,
2016-05-08,鹽埕示範,
2016-05-08,新興第二,
2016-05-08,三民第二,
2016-05-08,左營第四,
2016-05-08,鼓山第三,
2016-05-08,楠梓市場,
2016-05-08,三民第一,
2016-05-08,苓雅市場,
2016-05-08,中華市場,
2016-05-08,旗山第一,
2016-05-08,鳳山第一,
2016-05-08,岡山文賢,
2016-05-08,大寮大發,
2016-05-08,橋頭市場,
2016-05-09,國民市場,200.0
2016-05-09,鹽埕示範,166.0
2016-05-09,新興第二,167.0
2016-05-09,三民第二,0.0
2016-05-09,左營第四,150.0
2016-05-09,鼓山第三,166.0
2016-05-09,楠梓市場,200.0
2016-05-09,三民第一,167.0
2016-05-09,苓雅市場,166.0
2016-05-09,中華市場,0.0
2016-05-09,旗山第一,
2016-05-09,鳳山第一,0.0
2016-05-09,岡山文賢,200.0
2016-05-09,大寮大發,152.0
2016-05-09,橋頭市場,150.0
2016-05-10,國民市場,200.0
2016-05-10,鹽埕示範,166.0
2016-05-10,新興第二,167.0
2016-05-10,三民第二,0.0
2016-05-10,左營第四,150.0
2016-05-10,鼓山第三,166.0
2016-05-10,楠梓市場,200.0
2016-05-10,三民第一,167.0
2016-05-10,苓雅市場,166.0
2016-05-10,中華市場,0.0
2016-05-10,旗山第一,140.0
2016-05-10,鳳山第一,0.0
2016-05-10,岡山文賢,200.0
2016-05-10,大寮大發,152.0
2016-05-10,橋頭市場,150.0
2016-05-11,國民市場,
2016-05-11,鹽埕示範,166.0
2016-05-11,新興第二,167.0
2016-05-11,三民第二,0.0
2016-05-11,左營第四,150.0
2016-05-11,鼓山第三,166.0
2016-05-11,楠梓市場,200.0
2016-05-11,三民第一,167.0
2016-05-11,苓雅市場,
2016-05-11,中華市場,0.0
2016-05-11,旗山第一,140.0
2016-05-11,鳳山第一,0.0
2016-05-11,岡山文賢,200.0
2016-05-11,大寮大發,152.0
2016-05-11,橋頭市場,150.0
2016-05-12,國民市場,200.0
2016-05-12,鹽埕示範,166.0
2016-05-12,新興第二,167.0
2016-05-12,三民第二,0.0
2016-05-12,左營第四,150.0
2016-05-12,鼓山第三,166.0
2016-05-12,楠梓市場,200.0
2016-05-12,三民第一,167.0
2016-05-12,苓雅市場,166.0
2016-05-12,中華市場,0.0
2016-05-12,旗山第一,140.0
2016-05-12,鳳山第一,0.0
2016-05-12,岡山文賢,200.0
2016-05-12,大寮大發,148.0
2016-05-12,橋頭市場,150.0
2016-05-13,國民市場,200.0
2016-05-13,鹽埕示範,166.0
2016-05-13,新興第二,167.0
2016-05-13,三民第二,0.0
2016-05-13,左營第四,150.0
2016-05-13,鼓山第三,166.0
2016-05-13,楠梓市場,
2016-05-13,三民第一,167.0
2016-05-13,苓雅市場,166.0
2016-05-13,中華市場,0.0
2016-05-13,旗山第一,140.0
2016-05-13,鳳山第一,0.0
2016-05-13,岡山文賢,200.0
2016-05-13,大寮大發,148.0
2016-05-13,橋頭市場,150.0
2016-05-14,國民市場,
2016-05-14,鹽埕示範,
2016-05-14,新興第二,
2016-05-14,三民第二,
2016-05-14,左營第四,
2016-05-14,鼓山第三,
2016-05-14,楠梓市場,
2016-05-14,三民第一,
2016-05-14,苓雅市場,
2016-05-14,中華市場,
2016-05-14,旗山第一,
2016-05-14,鳳山第一,
2016-05-14,岡山文賢,
2016-05-14,大寮大發,
2016-05-14,橋頭市場,
2016-05-15,國民市場,
2016-05-15,鹽埕示範,
2016-05-15,新興第二,
2016-05-15,三民第二,
2016-05-15,左營第四,
2016-05-15,鼓山第三,
2016-05-15,楠梓市場,
2016-05-15,三民第一,
2016-05-15,苓雅市場,
2016-05-15,中華市場,
2016-05-15,旗山第一,
2016-05-15,鳳山第一,
2016-05-15,岡山文賢,
2016-05-15,大寮大發,
2016-05-15,橋頭市場,
2016-05-16,國民市場,200.0
2016-05-16,鹽埕示範,166.0
2016-05-16,新興第二,167.0
2016-05-16,三民第二,166.0
2016-05-16,左營第四,
2016-05-16,鼓山第三,
2016-05-16,楠梓市場,200.0
2016-05-16,三民第一,167.0
2016-05-16,苓雅市場,166.0
2016-05-16,中華市場,166.0
2016-05-16,旗山第一,
2016-05-16,鳳山第一,0.0
2016-05-16,岡山文賢,217.0
2016-05-16,大寮大發,148.0
2016-05-16,橋頭市場,150.0
2016-05-17,國民市場,200.0
2016-05-17,鹽埕示範,166.0
2016-05-17,新興第二,167.0
2016-05-17,三民第二,166.0
2016-05-17,左營第四,150.0
2016-05-17,鼓山第三,166.0
2016-05-17,楠梓市場,200.0
2016-05-17,三民第一,167.0
2016-05-17,苓雅市場,166.0
2016-05-17,中華市場,166.0
2016-05-17,旗山第一,140.0
2016-05-17,鳳山第一,0.0
2016-05-17,岡山文賢,217.0
2016-05-17,大寮大發,148.0
2016-05-17,橋頭市場,150.0
2016-05-18,國民市場,216.0
2016-05-18,鹽埕示範,166.0
2016-05-18,新興第二,167.0
2016-05-18,三民第二,166.0
2016-05-18,左營第四,150.0
2016-05-18,鼓山第三,166.0
2016-05-18,楠梓市場,200.0
2016-05-18,三民第一,167.0
2016-05-18,苓雅市場,166.0
2016-05-18,中華市場,166.0
2016-05-18,旗山第一,140.0
2016-05-18,鳳山第一,0.0
2016-05-18,岡山文賢,217.0
2016-05-18,大寮大發,148.0
2016-05-18,橋頭市場,150.0
2016-05-19,國民市場,216.0
2016-05-19,鹽埕示範,
2016-05-19,新興第二,167.0
2016-05-19,三民第二,
2016-05-19,左營第四,150.0
2016-05-19,鼓山第三,166.0
2016-05-19,楠梓市場,200.0
2016-05-19,三民第一,167.0
2016-05-19,苓雅市場,166.0
2016-05-19,中華市場,166.0
2016-05-19,旗山第一,140.0
2016-05-19,鳳山第一,0.0
2016-05-19,岡山文賢,217.0
2016-05-19,大寮大發,
2016-05-19,橋頭市場,150.0
2016-05-20,國民市場,216.0
2016-05-20,鹽埕示範,166.0
2016-05-20,新興第二,167.0
2016-05-20,三民第二,183.0
2016-05-20,左營第四,150.0
2016-05-20,鼓山第三,166.0
2016-05-20,楠梓市場,200.0
2016-05-20,三民第一,167.0
2016-05-20,苓雅市場,166.0
2016-05-20,中華市場,
2016-05-20,旗山第一,140.0
2016-05-20,鳳山第一,0.0
2016-05-20,岡山文賢,217.0
2016-05-20,大寮大發,152.0
2016-05-20,橋頭市場,150.0
2016-05-21,國民市場,
2016-05-21,鹽埕示範,
2016-05-21,新興第二,
2016-05-21,三民第二,
2016-05-21,左營第四,
2016-05-21,鼓山第三,
2016-05-21,楠梓市場,
2016-05-21,三民第一,
2016-05-21,苓雅市場,
2016-05-21,中華市場,
2016-05-21,旗山第一,
2016-05-21,鳳山第一,
2016-05-21,岡山文賢,
2016-05-21,大寮大發,
2016-05-21,橋頭市場,
2016-05-22,國民市場,
2016-05-22,鹽埕示範,
2016-05-22,新興第二,
2016-05-22,三民第二,
2016-05-22,左營第四,
2016-05-22,鼓山第三,
2016-05-22,楠梓市場,
2016-05-22,三民第一,
2016-05-22,苓雅市場,
2016-05-22,中華市場,
2016-05-22,旗山第一,
2016-05-22,鳳山第一,
2016-05-22,岡山文賢,
2016-05-22,大寮大發,
2016-05-22,橋頭市場,
2016-05-23,國民市場,
2016-05-23,鹽埕示範,
2016-05-23,新興第二,
2016-05-23,三民第二,
2016-05-23,左營第四,
2016-05-23,鼓山第三,
2016-05-23,楠梓市場,
2016-05-23,三民第一,
2016-05-23,苓雅市場,
2016-05-23,中華市場,
2016-05-23,旗山第一,
2016-05-23,鳳山第一,
2016-05-23,岡山文賢,200.0
2016-05-23,大寮大發,
2016-05-23,橋頭市場,150.0
2016-05-24,國民市場,
2016-05-24,鹽埕示範,166.0
2016-05-24,新興第二,167.0
2016-05-24,三民第二,183.0
2016-05-24,左營第四,150.0
2016-05-24,鼓山第三,166.0
2016-05-24,楠梓市場,200.0
2016-05-24,三民第一,167.0
2016-05-24,苓雅市場,
2016-05-24,中華市場,166.0
2016-05-24,旗山第一,140.0
2016-05-24,鳳山第一,0.0
2016-05-24,岡山文賢,200.0
2016-05-24,大寮大發,160.0
2016-05-24,橋頭市場,150.0
2016-05-25,國民市場,216.0
2016-05-25,鹽埕示範,166.0
2016-05-25,新興第二,167.0
2016-05-25,三民第二,183.0
2016-05-25,左營第四,150.0
2016-05-25,鼓山第三,166.0
2016-05-25,楠梓市場,183.0
2016-05-25,三民第一,167.0
2016-05-25,苓雅市場,166.0
2016-05-25,中華市場,166.0
2016-05-25,旗山第一,140.0
2016-05-25,鳳山第一,0.0
2016-05-25,岡山文賢,200.0
2016-05-25,大寮大發,160.0
2016-05-25,橋頭市場,150.0
2016-05-26,國民市場,216.0
2016-05-26,鹽埕示範,166.0
2016-05-26,新興第二,167.0
2016-05-26,三民第二,183.0
2016-05-26,左營第四,150.0
2016-05-26,鼓山第三,166.0
2016-05-26,楠梓市場,183.0
2016-05-26,三民第一,167.0
2016-05-26,苓雅市場,166.0
2016-05-26,中華市場,166.0
2016-05-26,旗山第一,140.0
2016-05-26,鳳山第一,0.0
2016-05-26,岡山文賢,200.0
2016-05-26,大寮大發,160.0
2016-05-26,橋頭市場,150.0
2016-05-27,國民市場,216.0
2016-05-27,鹽埕示範,166.0
2016-05-27,新興第二,167.0
2016-05-27,三民第二,183.0
2016-05-27,左營第四,150.0
2016-05-27,鼓山第三,
2016-05-27,楠梓市場,183.0
2016-05-27,三民第一,167.0
2016-05-27,苓雅市場,166.0
2016-05-27,中華市場,166.0
2016-05-27,旗山第一,140.0
2016-05-27,鳳山第一,0.0
2016-05-27,岡山文賢,200.0
2016-05-27,大寮大發,160.0
2016-05-27,橋頭市場,150.0
2016-05-28,國民市場,
2016-05-28,鹽埕示範,
2016-05-28,新興第二,
2016-05-28,三民第二,
2016-05-28,左營第四,
2016-05-28,鼓山第三,
2016-05-28,楠梓市場,
2016-05-28,三民第一,
2016-05-28,苓雅市場,
2016-05-28,中華市場,
2016-05-28,旗山第一,
2016-05-28,鳳山第一,
2016-05-28,岡山文賢,
2016-05-28,大寮大發,
2016-05-28,橋頭市場,
2016-05-29,國民市場,
2016-05-29,鹽埕示範,
2016-05-29,新興第二,
2016-05-29,三民第二,
2016-05-29,左營第四,
2016-05-29,鼓山第三,
2016-05-29,楠梓市場,
2016-05-29,三民第一,
2016-05-29,苓雅市場,
2016-05-29,中華市場,
2016-05-29,旗山第一,
2016-05-29,鳳山第一,
2016-05-29,岡山文賢,
2016-05-29,大寮大發,
2016-05-29,橋頭市場,
2016-05-30,國民市場,216.0
2016-05-30,鹽埕示範,166.0
2016-05-30,新興第二,167.0
2016-05-30,三民第二,183.0
2016-05-30,左營第四,150.0
2016-05-30,鼓山第三,166.0
2016-05-30,楠梓市場,183.0
2016-05-30,三民第一,167.0
2016-05-30,苓雅市場,166.0
2016-05-30,中華市場,166.0
2016-05-30,旗山第一,140.0
2016-05-30,鳳山第一,0.0
2016-05-30,岡山文賢,200.0
2016-05-30,大寮大發,168.0
2016-05-30,橋頭市場,150.0
2016-05-31,國民市場,216.0
2016-05-31,鹽埕示範,166.0
2016-05-31,新興第二,167.0
2016-05-31,三民第二,183.0
2016-05-31,左營第四,150.0
2016-05-31,鼓山第三,166.0
2016-05-31,楠梓市場,183.0
2016-05-31,三民第一,167.0
2016-05-31,苓雅市場,166.0
2016-05-31,中華市場,166.0
2016-05-31,旗山第一,140.0
2016-05-31,鳳山第一,0.0
2016-05-31,岡山文賢,200.0
2016-05-31,大寮大發,168.0
2016-05-31,橋頭市場,150.0
2016-06-01,國民市場,216.0
2016-06-01,鹽埕示範,
2016-06-01,新興第二,167.0
2016-06-01,三民第二,
2016-06-01,左營第四,150.0
2016-06-01,鼓山第三,166.0
2016-06-01,楠梓市場,183.0
2016-06-01,三民第一,167.0
2016-06-01,苓雅市場,166.0
2016-06-01,中華市場,166.0
2016-06-01,旗山第一,140.0
2016-06-01,鳳山第一,0.0
2016-06-01,岡山文賢,200.0
2016-06-01,大寮大發,168.0
2016-06-01,橋頭市場,150.0
2016-06-02,國民市場,216.0
2016-06-02,鹽埕示範,166.0
2016-06-02,新興第二,167.0
2016-06-02,三民第二,183.0
2016-06-02,左營第四,150.0
2016-06-02,鼓山第三,166.0
2016-06-02,楠梓市場,183.0
2016-06-02,三民第一,167.0
2016-06-02,苓雅市場,166.0
2016-06-02,中華市場,
2016-06-02,旗山第一,140.0
2016-06-02,鳳山第一,0.0
2016-06-02,岡山文賢,200.0
2016-06-02,大寮大發,160.0
2016-06-02,橋頭市場,150.0
2016-06-03,國民市場,216.0
2016-06-03,鹽埕示範,166.0
2016-06-03,新興第二,167.0
2016-06-03,三民第二,183.0
2016-06-03,左營第四,150.0
2016-06-03,鼓山第三,166.0
2016-06-03,楠梓市場,183.0
2016-06-03,三民第一,167.0
2016-06-03,苓雅市場,166.0
2016-06-03,中華市場,166.0
2016-06-03,旗山第一,140.0
2016-06-03,鳳山第一,0.0
2016-06-03,岡山文賢,200.0
2016-06-03,大寮大發,160.0
2016-06-03,橋頭市場,150.0
2016-06-04,國民市場,
2016-06-04,鹽埕示範,166.0
2016-06-04,新興第二,167.0
2016-06-04,三民第二,
2016-06-04,左營第四,150.0
2016-06-04,鼓山第三,166.0
2016-06-04,楠梓市場,
2016-06-04,三民第一,167.0
2016-06-04,苓雅市場,
2016-06-04,中華市場,166.0
2016-06-04,旗山第一,140.0
2016-06-04,鳳山第一,0.0
2016-06-04,岡山文賢,200.0
2016-06-04,大寮大發,160.0
2016-06-04,橋頭市場,150.0
2016-06-05,國民市場,
2016-06-05,鹽埕示範,
2016-06-05,新興第二,
2016-06-05,三民第二,
2016-06-05,左營第四,
2016-06-05,鼓山第三,
2016-06-05,楠梓市場,
2016-06-05,三民第一,
2016-06-05,苓雅市場,
2016-06-05,中華市場,
2016-06-05,旗山第一,
2016-06-05,鳳山第一,
2016-06-05,岡山文賢,
2016-06-05,大寮大發,
2016-06-05,橋頭市場,
2016-06-06,國民市場,216.0
2016-06-06,鹽埕示範,166.0
2016-06-06,新興第二,167.0
2016-06-06,三民第二,166.0
2016-06-06,左營第四,150.0
2016-06-06,鼓山第三,166.0
2016-06-06,楠梓市場,
2016-06-06,三民第一,167.0
2016-06-06,苓雅市場,166.0
2016-06-06,中華市場,166.0
2016-06-06,旗山第一,
2016-06-06,鳳山第一,0.0
2016-06-06,岡山文賢,200.0
2016-06-06,大寮大發,152.0
2016-06-06,橋頭市場,150.0
2016-06-07,國民市場,216.0
2016-06-07,鹽埕示範,166.0
2016-06-07,新興第二,167.0
2016-06-07,三民第二,166.0
2016-06-07,左營第四,150.0
2016-06-07,鼓山第三,166.0
2016-06-07,楠梓市場,183.0
2016-06-07,三民第一,167.0
2016-06-07,苓雅市場,166.0
2016-06-07,中華市場,166.0
2016-06-07,旗山第一,140.0
2016-06-07,鳳山第一,0.0
2016-06-07,岡山文賢,200.0
2016-06-07,大寮大發,152.0
2016-06-07,橋頭市場,150.0
2016-06-08,國民市場,216.0
2016-06-08,鹽埕示範,166.0
2016-06-08,新興第二,167.0
2016-06-08,三民第二,166.0
2016-06-08,左營第四,150.0
2016-06-08,鼓山第三,166.0
2016-06-08,楠梓市場,183.0
2016-06-08,三民第一,167.0
2016-06-08,苓雅市場,166.0
2016-06-08,中華市場,166.0
2016-06-08,旗山第一,140.0
2016-06-08,鳳山第一,0.0
2016-06-08,岡山文賢,200.0
2016-06-08,大寮大發,144.0
2016-06-08,橋頭市場,150.0
2016-06-09,國民市場,
2016-06-09,鹽埕示範,
2016-06-09,新興第二,
2016-06-09,三民第二,
2016-06-09,左營第四,
2016-06-09,鼓山第三,
2016-06-09,楠梓市場,
2016-06-09,三民第一,
2016-06-09,苓雅市場,
2016-06-09,中華市場,
2016-06-09,旗山第一,
2016-06-09,鳳山第一,
2016-06-09,岡山文賢,
2016-06-09,大寮大發,
2016-06-09,橋頭市場,
2016-06-10,國民市場,
2016-06-10,鹽埕示範,
2016-06-10,新興第二,
2016-06-10,三民第二,
2016-06-10,左營第四,
2016-06-10,鼓山第三,
2016-06-10,楠梓市場,
2016-06-10,三民第一,
2016-06-10,苓雅市場,
2016-06-10,中華市場,
2016-06-10,旗山第一,
2016-06-10,鳳山第一,
2016-06-10,岡山文賢,
2016-06-10,大寮大發,
2016-06-10,橋頭市場,
2016-06-11,國民市場,
2016-06-11,鹽埕示範,
2016-06-11,新興第二,
2016-06-11,三民第二,
2016-06-11,左營第四,
2016-06-11,鼓山第三,
2016-06-11,楠梓市場,
2016-06-11,三民第一,
2016-06-11,苓雅市場,
2016-06-11,中華市場,
2016-06-11,旗山第一,
2016-06-11,鳳山第一,
2016-06-11,岡山文賢,
2016-06-11,大寮大發,
2016-06-11,橋頭市場,
2016-06-12,國民市場,
2016-06-12,鹽埕示範,
2016-06-12,新興第二,
2016-06-12,三民第二,
2016-06-12,左營第四,
2016-06-12,鼓山第三,
2016-06-12,楠梓市場,
2016-06-12,三民第一,
2016-06-12,苓雅市場,
2016-06-12,中華市場,
2016-06-12,旗山第一,
2016-06-12,鳳山第一,
2016-06-12,岡山文賢,
2016-06-12,大寮大發,
2016-06-12,橋頭市場,
2016-06-13,國民市場,166.0
2016-06-13,鹽埕示範,166.0
2016-06-13,新興第二,
2016-06-13,三民第二,166.0
2016-06-13,左營第四,150.0
2016-06-13,鼓山第三,166.0
2016-06-13,楠梓市場,183.0
2016-06-13,三民第一,
2016-06-13,苓雅市場,166.0
2016-06-13,中華市場,166.0
2016-06-13,旗山第一,
2016-06-13,鳳山第一,0.0
2016-06-13,岡山文賢,200.0
2016-06-13,大寮大發,144.0
2016-06-13,橋頭市場,150.0
2016-06-14,國民市場,166.0
2016-06-14,鹽埕示範,166.0
2016-06-14,新興第二,150.0
2016-06-14,三民第二,166.0
2016-06-14,左營第四,150.0
2016-06-14,鼓山第三,166.0
2016-06-14,楠梓市場,183.0
2016-06-14,三民第一,167.0
2016-06-14,苓雅市場,166.0
2016-06-14,中華市場,166.0
2016-06-14,旗山第一,140.0
2016-06-14,鳳山第一,0.0
2016-06-14,岡山文賢,200.0
2016-06-14,大寮大發,144.0
2016-06-14,橋頭市場,150.0
2016-06-15,國民市場,166.0
2016-06-15,鹽埕示範,166.0
2016-06-15,新興第二,150.0
2016-06-15,三民第二,
2016-06-15,左營第四,150.0
2016-06-15,鼓山第三,166.0
2016-06-15,楠梓市場,183.0
2016-06-15,三民第一,167.0
2016-06-15,苓雅市場,166.0
2016-06-15,中華市場,166.0
2016-06-15,旗山第一,140.0
2016-06-15,鳳山第一,0.0
2016-06-15,岡山文賢,200.0
2016-06-15,大寮大發,144.0
2016-06-15,橋頭市場,150.0
2016-06-16,國民市場,166.0
2016-06-16,鹽埕示範,166.0
2016-06-16,新興第二,150.0
2016-06-16,三民第二,166.0
2016-06-16,左營第四,150.0
2016-06-16,鼓山第三,166.0
2016-06-16,楠梓市場,183.0
2016-06-16,三民第一,167.0
2016-06-16,苓雅市場,166.0
2016-06-16,中華市場,
2016-06-16,旗山第一,140.0
2016-06-16,鳳山第一,0.0
2016-06-16,岡山文賢,200.0
2016-06-16,大寮大發,144.0
2016-06-16,橋頭市場,150.0
2016-06-17,國民市場,166.0
2016-06-17,鹽埕示範,166.0
2016-06-17,新興第二,150.0
2016-06-17,三民第二,166.0
2016-06-17,左營第四,150.0
2016-06-17,鼓山第三,166.0
2016-06-17,楠梓市場,183.0
2016-06-17,三民第一,167.0
2016-06-17,苓雅市場,166.0
2016-06-17,中華市場,166.0
2016-06-17,旗山第一,140.0
2016-06-17,鳳山第一,0.0
2016-06-17,岡山文賢,200.0
2016-06-17,大寮大發,148.0
2016-06-17,橋頭市場,150.0
2016-06-18,國民市場,
2016-06-18,鹽埕示範,
2016-06-18,新興第二,
2016-06-18,三民第二,
2016-06-18,左營第四,
2016-06-18,鼓山第三,
2016-06-18,楠梓市場,
2016-06-18,三民第一,
2016-06-18,苓雅市場,
2016-06-18,中華市場,
2016-06-18,旗山第一,
2016-06-18,鳳山第一,
2016-06-18,岡山文賢,
2016-06-18,大寮大發,
2016-06-18,橋頭市場,
2016-06-19,國民市場,
2016-06-19,鹽埕示範,
2016-06-19,新興第二,
2016-06-19,三民第二,
2016-06-19,左營第四,
2016-06-19,鼓山第三,
2016-06-19,楠梓市場,
2016-06-19,三民第一,
2016-06-19,苓雅市場,
2016-06-19,中華市場,
2016-06-19,旗山第一,
2016-06-19,鳳山第一,
2016-06-19,岡山文賢,
2016-06-19,大寮大發,
2016-06-19,橋頭市場,
2016-06-20,國民市場,
2016-06-20,鹽埕示範,166.0
2016-06-20,新興第二,150.0
2016-06-20,三民第二,166.0
2016-06-20,左營第四,150.0
2016-06-20,鼓山第三,166.0
2016-06-20,楠梓市場,183.0
2016-06-20,三民第一,167.0
2016-06-20,苓雅市場,
2016-06-20,中華市場,166.0
2016-06-20,旗山第一,
2016-06-20,鳳山第一,0.0
2016-06-20,岡山文賢,183.0
2016-06-20,大寮大發,148.0
2016-06-20,橋頭市場,150.0
2016-06-21,國民市場,166.0
2016-06-21,鹽埕示範,
2016-06-21,新興第二,
2016-06-21,三民第二,
2016-06-21,左營第四,
2016-06-21,鼓山第三,
2016-06-21,楠梓市場,183.0
2016-06-21,三民第一,
2016-06-21,苓雅市場,166.0
2016-06-21,中華市場,
2016-06-21,旗山第一,140.0
2016-06-21,鳳山第一,
2016-06-21,岡山文賢,183.0
2016-06-21,大寮大發,
2016-06-21,橋頭市場,150.0
2016-06-22,國民市場,166.0
2016-06-22,鹽埕示範,166.0
2016-06-22,新興第二,150.0
2016-06-22,三民第二,166.0
2016-06-22,左營第四,150.0
2016-06-22,鼓山第三,166.0
2016-06-22,楠梓市場,183.0
2016-06-22,三民第一,167.0
2016-06-22,苓雅市場,166.0
2016-06-22,中華市場,166.0
2016-06-22,旗山第一,140.0
2016-06-22,鳳山第一,0.0
2016-06-22,岡山文賢,183.0
2016-06-22,大寮大發,148.0
2016-06-22,橋頭市場,150.0
2016-06-23,國民市場,166.0
2016-06-23,鹽埕示範,166.0
2016-06-23,新興第二,150.0
2016-06-23,三民第二,166.0
2016-06-23,左營第四,
2016-06-23,鼓山第三,166.0
2016-06-23,楠梓市場,167.0
2016-06-23,三民第一,167.0
2016-06-23,苓雅市場,166.0
2016-06-23,中華市場,166.0
2016-06-23,旗山第一,140.0
2016-06-23,鳳山第一,0.0
2016-06-23,岡山文賢,183.0
2016-06-23,大寮大發,148.0
2016-06-23,橋頭市場,150.0
2016-06-24,國民市場,166.0
2016-06-24,鹽埕示範,166.0
2016-06-24,新興第二,
2016-06-24,三民第二,166.0
2016-06-24,左營第四,
2016-06-24,鼓山第三,166.0
2016-06-24,楠梓市場,167.0
2016-06-24,三民第一,
2016-06-24,苓雅市場,166.0
2016-06-24,中華市場,166.0
2016-06-24,旗山第一,140.0
2016-06-24,鳳山第一,0.0
2016-06-24,岡山文賢,183.0
2016-06-24,大寮大發,148.0
2016-06-24,橋頭市場,150.0
2016-06-25,國民市場,
2016-06-25,鹽埕示範,
2016-06-25,新興第二,
2016-06-25,三民第二,
2016-06-25,左營第四,
2016-06-25,鼓山第三,
2016-06-25,楠梓市場,
2016-06-25,三民第一,
2016-06-25,苓雅市場,
2016-06-25,中華市場,
2016-06-25,旗山第一,
2016-06-25,鳳山第一,
2016-06-25,岡山文賢,
2016-06-25,大寮大發,
2016-06-25,橋頭市場,
2016-06-26,國民市場,
2016-06-26,鹽埕示範,
2016-06-26,新興第二,
2016-06-26,三民第二,
2016-06-26,左營第四,
2016-06-26,鼓山第三,
2016-06-26,楠梓市場,
2016-06-26,三民第一,
2016-06-26,苓雅市場,
2016-06-26,中華市場,
2016-06-26,旗山第一,
2016-06-26,鳳山第一,
2016-06-26,岡山文賢,
2016-06-26,大寮大發,
2016-06-26,橋頭市場,
2016-06-27,國民市場,166.0
2016-06-27,鹽埕示範,166.0
2016-06-27,新興第二,150.0
2016-06-27,三民第二,166.0
2016-06-27,左營第四,150.0
2016-06-27,鼓山第三,166.0
2016-06-27,楠梓市場,167.0
2016-06-27,三民第一,167.0
2016-06-27,苓雅市場,166.0
2016-06-27,中華市場,166.0
2016-06-27,旗山第一,
2016-06-27,鳳山第一,0.0
2016-06-27,岡山文賢,183.0
2016-06-27,大寮大發,156.0
2016-06-27,橋頭市場,150.0
2016-06-28,國民市場,166.0
2016-06-28,鹽埕示範,166.0
2016-06-28,新興第二,150.0
2016-06-28,三民第二,166.0
2016-06-28,左營第四,150.0
2016-06-28,鼓山第三,166.0
2016-06-28,楠梓市場,167.0
2016-06-28,三民第一,167.0
2016-06-28,苓雅市場,166.0
2016-06-28,中華市場,166.0
2016-06-28,旗山第一,140.0
2016-06-28,鳳山第一,0.0
2016-06-28,岡山文賢,183.0
2016-06-28,大寮大發,156.0
2016-06-28,橋頭市場,150.0
2016-06-29,國民市場,166.0
2016-06-29,鹽埕示範,166.0
2016-06-29,新興第二,150.0
2016-06-29,三民第二,166.0
2016-06-29,左營第四,150.0
2016-06-29,鼓山第三,166.0
2016-06-29,楠梓市場,167.0
2016-06-29,三民第一,167.0
2016-06-29,苓雅市場,166.0
2016-06-29,中華市場,
2016-06-29,旗山第一,140.0
2016-06-29,鳳山第一,0.0
2016-06-29,岡山文賢,132.0
2016-06-29,大寮大發,156.0
2016-06-29,橋頭市場,150.0
2016-06-30,國民市場,166.0
2016-06-30,鹽埕示範,
2016-06-30,新興第二,150.0
2016-06-30,三民第二,
2016-06-30,左營第四,150.0
2016-06-30,鼓山第三,166.0
2016-06-30,楠梓市場,167.0
2016-06-30,三民第一,167.0
2016-06-30,苓雅市場,166.0
2016-06-30,中華市場,166.0
2016-06-30,旗山第一,150.0
2016-06-30,鳳山第一,0.0
2016-06-30,岡山文賢,132.0
2016-06-30,大寮大發,156.0
2016-06-30,橋頭市場,150.0
2016-07-01,國民市場,166.0
2016-07-01,鹽埕示範,166.0
2016-07-01,新興第二,150.0
2016-07-01,三民第二,166.0
2016-07-01,左營第四,150.0
2016-07-01,鼓山第三,166.0
2016-07-01,楠梓市場,167.0
2016-07-01,三民第一,167.0
2016-07-01,苓雅市場,166.0
2016-07-01,中華市場,166.0
2016-07-01,旗山第一,150.0
2016-07-01,鳳山第一,0.0
2016-07-01,岡山文賢,132.0
2016-07-01,大寮大發,152.0
2016-07-01,橋頭市場,150.0
2016-07-02,國民市場,
2016-07-02,鹽埕示範,
2016-07-02,新興第二,
2016-07-02,三民第二,
2016-07-02,左營第四,
2016-07-02,鼓山第三,
2016-07-02,楠梓市場,
2016-07-02,三民第一,
2016-07-02,苓雅市場,
2016-07-02,中華市場,
2016-07-02,旗山第一,
2016-07-02,鳳山第一,
2016-07-02,岡山文賢,
2016-07-02,大寮大發,
2016-07-02,橋頭市場,
2016-07-03,國民市場,
2016-07-03,鹽埕示範,
2016-07-03,新興第二,
2016-07-03,三民第二,
2016-07-03,左營第四,
2016-07-03,鼓山第三,
2016-07-03,楠梓市場,
2016-07-03,三民第一,
2016-07-03,苓雅市場,
2016-07-03,中華市場,
2016-07-03,旗山第一,
2016-07-03,鳳山第一,
2016-07-03,岡山文賢,
2016-07-03,大寮大發,
2016-07-03,橋頭市場,
2016-07-04,國民市場,
2016-07-04,鹽埕示範,166.0
2016-07-04,新興第二,150.0
2016-07-04,三民第二,166.0
2016-07-04,左營第四,150.0
2016-07-04,鼓山第三,166.0
2016-07-04,楠梓市場,167.0
2016-07-04,三民第一,167.0
2016-07-04,苓雅市場,
2016-07-04,中華市場,166.0
2016-07-04,旗山第一,
2016-07-04,鳳山第一,0.0
2016-07-04,岡山文賢,132.0
2016-07-04,大寮大發,152.0
2016-07-04,橋頭市場,150.0
2016-07-05,國民市場,166.0
2016-07-05,鹽埕示範,166.0
2016-07-05,新興第二,150.0
2016-07-05,三民第二,166.0
2016-07-05,左營第四,150.0
2016-07-05,鼓山第三,166.0
2016-07-05,楠梓市場,167.0
2016-07-05,三民第一,167.0
2016-07-05,苓雅市場,166.0
2016-07-05,中華市場,166.0
2016-07-05,旗山第一,150.0
2016-07-05,鳳山第一,0.0
2016-07-05,岡山文賢,132.0
2016-07-05,大寮大發,152.0
2016-07-05,橋頭市場,150.0
2016-07-06,國民市場,166.0
2016-07-06,鹽埕示範,166.0
2016-07-06,新興第二,150.0
2016-07-06,三民第二,166.0
2016-07-06,左營第四,150.0
2016-07-06,鼓山第三,166.0
2016-07-06,楠梓市場,167.0
2016-07-06,三民第一,167.0
2016-07-06,苓雅市場,166.0
2016-07-06,中華市場,166.0
2016-07-06,旗山第一,150.0
2016-07-06,鳳山第一,0.0
2016-07-06,岡山文賢,132.0
2016-07-06,大寮大發,
2016-07-06,橋頭市場,150.0
2016-07-07,國民市場,166.0
2016-07-07,鹽埕示範,166.0
2016-07-07,新興第二,150.0
2016-07-07,三民第二,166.0
2016-07-07,左營第四,150.0
2016-07-07,鼓山第三,
2016-07-07,楠梓市場,167.0
2016-07-07,三民第一,167.0
2016-07-07,苓雅市場,166.0
2016-07-07,中華市場,166.0
2016-07-07,旗山第一,150.0
2016-07-07,鳳山第一,0.0
2016-07-07,岡山文賢,132.0
2016-07-07,大寮大發,152.0
2016-07-07,橋頭市場,150.0
2016-07-08,國民市場,
2016-07-08,鹽埕示範,
2016-07-08,新興第二,
2016-07-08,三民第二,
2016-07-08,左營第四,
2016-07-08,鼓山第三,
2016-07-08,楠梓市場,
2016-07-08,三民第一,
2016-07-08,苓雅市場,
2016-07-08,中華市場,
2016-07-08,旗山第一,150.0
2016-07-08,鳳山第一,
2016-07-08,岡山文賢,
2016-07-08,大寮大發,
2016-07-08,橋頭市場,
2016-07-09,國民市場,
2016-07-09,鹽埕示範,
2016-07-09,新興第二,
2016-07-09,三民第二,
2016-07-09,左營第四,
2016-07-09,鼓山第三,
2016-07-09,楠梓市場,
2016-07-09,三民第一,
2016-07-09,苓雅市場,
2016-07-09,中華市場,
2016-07-09,旗山第一,
2016-07-09,鳳山第一,
2016-07-09,岡山文賢,
2016-07-09,大寮大發,
2016-07-09,橋頭市場,
2016-07-10,國民市場,
2016-07-10,鹽埕示範,
2016-07-10,新興第二,
2016-07-10,三民第二,
2016-07-10,左營第四,
2016-07-10,鼓山第三,
2016-07-10,楠梓市場,
2016-07-10,三民第一,
2016-07-10,苓雅市場,
2016-07-10,中華市場,
2016-07-10,旗山第一,
2016-07-10,鳳山第一,
2016-07-10,岡山文賢,
2016-07-10,大寮大發,
2016-07-10,橋頭市場,
2016-07-11,國民市場,166.0
2016-07-11,鹽埕示範,166.0
2016-07-11,新興第二,150.0
2016-07-11,三民第二,166.0
2016-07-11,左營第四,150.0
2016-07-11,鼓山第三,166.0
2016-07-11,楠梓市場,167.0
2016-07-11,三民第一,167.0
2016-07-11,苓雅市場,166.0
2016-07-11,中華市場,166.0
2016-07-11,旗山第一,
2016-07-11,鳳山第一,0.0
2016-07-11,岡山文賢,132.0
2016-07-11,大寮大發,152.0
2016-07-11,橋頭市場,150.0
2016-07-12,國民市場,166.0
2016-07-12,鹽埕示範,
2016-07-12,新興第二,150.0
2016-07-12,三民第二,
2016-07-12,左營第四,150.0
2016-07-12,鼓山第三,166.0
2016-07-12,楠梓市場,167.0
2016-07-12,三民第一,167.0
2016-07-12,苓雅市場,166.0
2016-07-12,中華市場,166.0
2016-07-12,旗山第一,150.0
2016-07-12,鳳山第一,0.0
2016-07-12,岡山文賢,132.0
2016-07-12,大寮大發,152.0
2016-07-12,橋頭市場,150.0
2016-07-13,國民市場,166.0
2016-07-13,鹽埕示範,166.0
2016-07-13,新興第二,150.0
2016-07-13,三民第二,166.0
2016-07-13,左營第四,150.0
2016-07-13,鼓山第三,166.0
2016-07-13,楠梓市場,167.0
2016-07-13,三民第一,167.0
2016-07-13,苓雅市場,166.0
2016-07-13,中華市場,166.0
2016-07-13,旗山第一,150.0
2016-07-13,鳳山第一,0.0
2016-07-13,岡山文賢,132.0
2016-07-13,大寮大發,152.0
2016-07-13,橋頭市場,150.0
2016-07-14,國民市場,166.0
2016-07-14,鹽埕示範,166.0
2016-07-14,新興第二,150.0
2016-07-14,三民第二,166.0
2016-07-14,左營第四,150.0
2016-07-14,鼓山第三,166.0
2016-07-14,楠梓市場,167.0
2016-07-14,三民第一,167.0
2016-07-14,苓雅市場,166.0
2016-07-14,中華市場,
2016-07-14,旗山第一,150.0
2016-07-14,鳳山第一,0.0
2016-07-14,岡山文賢,132.0
2016-07-14,大寮大發,152.0
2016-07-14,橋頭市場,150.0
2016-07-15,國民市場,166.0
2016-07-15,鹽埕示範,166.0
2016-07-15,新興第二,150.0
2016-07-15,三民第二,166.0
2016-07-15,左營第四,150.0
2016-07-15,鼓山第三,166.0
2016-07-15,楠梓市場,167.0
2016-07-15,三民第一,167.0
2016-07-15,苓雅市場,166.0
2016-07-15,中華市場,166.0
2016-07-15,旗山第一,150.0
2016-07-15,鳳山第一,0.0
2016-07-15,岡山文賢,132.0
2016-07-15,大寮大發,144.0
2016-07-15,橋頭市場,150.0
2016-07-16,國民市場,
2016-07-16,鹽埕示範,
2016-07-16,新興第二,
2016-07-16,三民第二,
2016-07-16,左營第四,
2016-07-16,鼓山第三,
2016-07-16,楠梓市場,
2016-07-16,三民第一,
2016-07-16,苓雅市場,
2016-07-16,中華市場,
2016-07-16,旗山第一,
2016-07-16,鳳山第一,
2016-07-16,岡山文賢,
2016-07-16,大寮大發,
2016-07-16,橋頭市場,
2016-07-17,國民市場,
2016-07-17,鹽埕示範,
2016-07-17,新興第二,
2016-07-17,三民第二,
2016-07-17,左營第四,
2016-07-17,鼓山第三,
2016-07-17,楠梓市場,
2016-07-17,三民第一,
2016-07-17,苓雅市場,
2016-07-17,中華市場,
2016-07-17,旗山第一,
2016-07-17,鳳山第一,
2016-07-17,岡山文賢,
2016-07-17,大寮大發,
2016-07-17,橋頭市場,
2016-07-18,國民市場,
2016-07-18,鹽埕示範,166.0
2016-07-18,新興第二,150.0
2016-07-18,三民第二,166.0
2016-07-18,左營第四,150.0
2016-07-18,鼓山第三,166.0
2016-07-18,楠梓市場,167.0
2016-07-18,三民第一,167.0
2016-07-18,苓雅市場,
2016-07-18,中華市場,166.0
2016-07-18,旗山第一,
2016-07-18,鳳山第一,0.0
2016-07-18,岡山文賢,158.0
2016-07-18,大寮大發,152.0
2016-07-18,橋頭市場,150.0
2016-07-19,國民市場,166.0
2016-07-19,鹽埕示範,166.0
2016-07-19,新興第二,150.0
2016-07-19,三民第二,166.0
2016-07-19,左營第四,150.0
2016-07-19,鼓山第三,166.0
2016-07-19,楠梓市場,167.0
2016-07-19,三民第一,167.0
2016-07-19,苓雅市場,166.0
2016-07-19,中華市場,166.0
2016-07-19,旗山第一,150.0
2016-07-19,鳳山第一,0.0
2016-07-19,岡山文賢,158.0
2016-07-19,大寮大發,152.0
2016-07-19,橋頭市場,150.0
2016-07-20,國民市場,166.0
2016-07-20,鹽埕示範,
2016-07-20,新興第二,
2016-07-20,三民第二,166.0
2016-07-20,左營第四,
2016-07-20,鼓山第三,
2016-07-20,楠梓市場,
2016-07-20,三民第一,
2016-07-20,苓雅市場,166.0
2016-07-20,中華市場,
2016-07-20,旗山第一,150.0
2016-07-20,鳳山第一,
2016-07-20,岡山文賢,158.0
2016-07-20,大寮大發,
2016-07-20,橋頭市場,150.0
2016-07-21,國民市場,166.0
2016-07-21,鹽埕示範,166.0
2016-07-21,新興第二,150.0
2016-07-21,三民第二,166.0
2016-07-21,左營第四,
2016-07-21,鼓山第三,
2016-07-21,楠梓市場,167.0
2016-07-21,三民第一,167.0
2016-07-21,苓雅市場,166.0
2016-07-21,中華市場,166.0
2016-07-21,旗山第一,150.0
2016-07-21,鳳山第一,0.0
2016-07-21,岡山文賢,158.0
2016-07-21,大寮大發,152.0
2016-07-21,橋頭市場,150.0
2016-07-22,國民市場,166.0
2016-07-22,鹽埕示範,166.0
2016-07-22,新興第二,
2016-07-22,三民第二,166.0
2016-07-22,左營第四,150.0
2016-07-22,鼓山第三,166.0
2016-07-22,楠梓市場,167.0
2016-07-22,三民第一,
2016-07-22,苓雅市場,166.0
2016-07-22,中華市場,166.0
2016-07-22,旗山第一,150.0
2016-07-22,鳳山第一,0.0
2016-07-22,岡山文賢,158.0
2016-07-22,大寮大發,152.0
2016-07-22,橋頭市場,150.0
2016-07-23,國民市場,
2016-07-23,鹽埕示範,
2016-07-23,新興第二,
2016-07-23,三民第二,
2016-07-23,左營第四,
2016-07-23,鼓山第三,
2016-07-23,楠梓市場,
2016-07-23,三民第一,
2016-07-23,苓雅市場,
2016-07-23,中華市場,
2016-07-23,旗山第一,
2016-07-23,鳳山第一,
2016-07-23,岡山文賢,
2016-07-23,大寮大發,
2016-07-23,橋頭市場,
2016-07-24,國民市場,
2016-07-24,鹽埕示範,
2016-07-24,新興第二,
2016-07-24,三民第二,
2016-07-24,左營第四,
2016-07-24,鼓山第三,
2016-07-24,楠梓市場,
2016-07-24,三民第一,
2016-07-24,苓雅市場,
2016-07-24,中華市場,
2016-07-24,旗山第一,
2016-07-24,鳳山第一,
2016-07-24,岡山文賢,
2016-07-24,大寮大發,
2016-07-24,橋頭市場,
2016-07-25,國民市場,166.0
2016-07-25,鹽埕示範,166.0
2016-07-25,新興第二,150.0
2016-07-25,三民第二,166.0
2016-07-25,左營第四,150.0
2016-07-25,鼓山第三,166.0
2016-07-25,楠梓市場,167.0
2016-07-25,三民第一,167.0
2016-07-25,苓雅市場,166.0
2016-07-25,中華市場,166.0
2016-07-25,旗山第一,150.0
2016-07-25,鳳山第一,0.0
2016-07-25,岡山文賢,165.0
2016-07-25,大寮大發,156.0
2016-07-25,橋頭市場,150.0
2016-07-26,國民市場,166.0
2016-07-26,鹽埕示範,
2016-07-26,新興第二,150.0
2016-07-26,三民第二,
2016-07-26,左營第四,150.0
2016-07-26,鼓山第三,166.0
2016-07-26,楠梓市場,167.0
2016-07-26,三民第一,167.0
2016-07-26,苓雅市場,166.0
2016-07-26,中華市場,166.0
2016-07-26,旗山第一,150.0
2016-07-26,鳳山第一,0.0
2016-07-26,岡山文賢,165.0
2016-07-26,大寮大發,156.0
2016-07-26,橋頭市場,150.0
2016-07-27,國民市場,166.0
2016-07-27,鹽埕示範,166.0
2016-07-27,新興第二,150.0
2016-07-27,三民第二,166.0
2016-07-27,左營第四,150.0
2016-07-27,鼓山第三,166.0
2016-07-27,楠梓市場,167.0
2016-07-27,三民第一,167.0
2016-07-27,苓雅市場,166.0
2016-07-27,中華市場,
2016-07-27,旗山第一,150.0
2016-07-27,鳳山第一,0.0
2016-07-27,岡山文賢,165.0
2016-07-27,大寮大發,156.0
2016-07-27,橋頭市場,150.0
2016-07-28,國民市場,166.0
2016-07-28,鹽埕示範,166.0
2016-07-28,新興第二,150.0
2016-07-28,三民第二,166.0
2016-07-28,左營第四,150.0
2016-07-28,鼓山第三,166.0
2016-07-28,楠梓市場,167.0
2016-07-28,三民第一,167.0
2016-07-28,苓雅市場,166.0
2016-07-28,中華市場,166.0
2016-07-28,旗山第一,150.0
2016-07-28,鳳山第一,0.0
2016-07-28,岡山文賢,165.0
2016-07-28,大寮大發,156.0
2016-07-28,橋頭市場,150.0
2016-07-29,國民市場,166.0
2016-07-29,鹽埕示範,166.0
2016-07-29,新興第二,150.0
2016-07-29,三民第二,166.0
2016-07-29,左營第四,150.0
2016-07-29,鼓山第三,166.0
2016-07-29,楠梓市場,167.0
2016-07-29,三民第一,167.0
2016-07-29,苓雅市場,166.0
2016-07-29,中華市場,166.0
2016-07-29,旗山第一,150.0
2016-07-29,鳳山第一,0.0
2016-07-29,岡山文賢,165.0
2016-07-29,大寮大發,156.0
2016-07-29,橋頭市場,150.0
2016-07-30,國民市場,
2016-07-30,鹽埕示範,
2016-07-30,新興第二,
2016-07-30,三民第二,
2016-07-30,左營第四,
2016-07-30,鼓山第三,
2016-07-30,楠梓市場,
2016-07-30,三民第一,
2016-07-30,苓雅市場,
2016-07-30,中華市場,
2016-07-30,旗山第一,
2016-07-30,鳳山第一,
2016-07-30,岡山文賢,
2016-07-30,大寮大發,
2016-07-30,橋頭市場,
2016-07-31,國民市場,
2016-07-31,鹽埕示範,
2016-07-31,新興第二,
2016-07-31,三民第二,
2016-07-31,左營第四,
2016-07-31,鼓山第三,
2016-07-31,楠梓市場,
2016-07-31,三民第一,
2016-07-31,苓雅市場,
2016-07-31,中華市場,
2016-07-31,旗山第一,
2016-07-31,鳳山第一,
2016-07-31,岡山文賢,
2016-07-31,大寮大發,
2016-07-31,橋頭市場,
2016-08-01,國民市場,
2016-08-01,鹽埕示範,166.0
2016-08-01,新興第二,150.0
2016-08-01,三民第二,166.0
2016-08-01,左營第四,150.0
2016-08-01,鼓山第三,166.0
2016-08-01,楠梓市場,167.0
2016-08-01,三民第一,167.0
2016-08-01,苓雅市場,
2016-08-01,中華市場,166.0
2016-08-01,旗山第一,150.0
2016-08-01,鳳山第一,0.0
2016-08-01,岡山文賢,165.0
2016-08-01,大寮大發,156.0
2016-08-01,橋頭市場,150.0
2016-08-02,國民市場,166.0
2016-08-02,鹽埕示範,166.0
2016-08-02,新興第二,150.0
2016-08-02,三民第二,166.0
2016-08-02,左營第四,150.0
2016-08-02,鼓山第三,166.0
2016-08-02,楠梓市場,167.0
2016-08-02,三民第一,167.0
2016-08-02,苓雅市場,166.0
2016-08-02,中華市場,166.0
2016-08-02,旗山第一,150.0
2016-08-02,鳳山第一,0.0
2016-08-02,岡山文賢,165.0
2016-08-02,大寮大發,152.0
2016-08-02,橋頭市場,150.0
2016-08-03,國民市場,166.0
2016-08-03,鹽埕示範,166.0
2016-08-03,新興第二,150.0
2016-08-03,三民第二,
2016-08-03,左營第四,150.0
2016-08-03,鼓山第三,166.0
2016-08-03,楠梓市場,167.0
2016-08-03,三民第一,167.0
2016-08-03,苓雅市場,166.0
2016-08-03,中華市場,166.0
2016-08-03,旗山第一,150.0
2016-08-03,鳳山第一,0.0
2016-08-03,岡山文賢,165.0
2016-08-03,大寮大發,
2016-08-03,橋頭市場,150.0
2016-08-04,國民市場,166.0
2016-08-04,鹽埕示範,166.0
2016-08-04,新興第二,150.0
2016-08-04,三民第二,166.0
2016-08-04,左營第四,
2016-08-04,鼓山第三,
2016-08-04,楠梓市場,167.0
2016-08-04,三民第一,167.0
2016-08-04,苓雅市場,166.0
2016-08-04,中華市場,166.0
2016-08-04,旗山第一,155.0
2016-08-04,鳳山第一,0.0
2016-08-04,岡山文賢,165.0
2016-08-04,大寮大發,152.0
2016-08-04,橋頭市場,150.0
2016-08-05,國民市場,166.0
2016-08-05,鹽埕示範,166.0
2016-08-05,新興第二,
2016-08-05,三民第二,166.0
2016-08-05,左營第四,150.0
2016-08-05,鼓山第三,166.0
2016-08-05,楠梓市場,167.0
2016-08-05,三民第一,
2016-08-05,苓雅市場,166.0
2016-08-05,中華市場,166.0
2016-08-05,旗山第一,155.0
2016-08-05,鳳山第一,0.0
2016-08-05,岡山文賢,165.0
2016-08-05,大寮大發,152.0
2016-08-05,橋頭市場,150.0
2016-08-06,國民市場,
2016-08-06,鹽埕示範,
2016-08-06,新興第二,
2016-08-06,三民第二,
2016-08-06,左營第四,
2016-08-06,鼓山第三,
2016-08-06,楠梓市場,
2016-08-06,三民第一,
2016-08-06,苓雅市場,
2016-08-06,中華市場,
2016-08-06,旗山第一,
2016-08-06,鳳山第一,
2016-08-06,岡山文賢,
2016-08-06,大寮大發,
2016-08-06,橋頭市場,
2016-08-07,國民市場,
2016-08-07,鹽埕示範,
2016-08-07,新興第二,
2016-08-07,三民第二,
2016-08-07,左營第四,
2016-08-07,鼓山第三,
2016-08-07,楠梓市場,
2016-08-07,三民第一,
2016-08-07,苓雅市場,
2016-08-07,中華市場,
2016-08-07,旗山第一,
2016-08-07,鳳山第一,
2016-08-07,岡山文賢,
2016-08-07,大寮大發,
2016-08-07,橋頭市場,
2016-08-08,國民市場,166.0
2016-08-08,鹽埕示範,166.0
2016-08-08,新興第二,150.0
2016-08-08,三民第二,166.0
2016-08-08,左營第四,150.0
2016-08-08,鼓山第三,166.0
2016-08-08,楠梓市場,167.0
2016-08-08,三民第一,167.0
2016-08-08,苓雅市場,166.0
2016-08-08,中華市場,166.0
2016-08-08,旗山第一,
2016-08-08,鳳山第一,0.0
2016-08-08,岡山文賢,165.0
2016-08-08,大寮大發,144.0
2016-08-08,橋頭市場,150.0
2016-08-09,國民市場,166.0
2016-08-09,鹽埕示範,
2016-08-09,新興第二,150.0
2016-08-09,三民第二,166.0
2016-08-09,左營第四,150.0
2016-08-09,鼓山第三,166.0
2016-08-09,楠梓市場,167.0
2016-08-09,三民第一,167.0
2016-08-09,苓雅市場,166.0
2016-08-09,中華市場,166.0
2016-08-09,旗山第一,155.0
2016-08-09,鳳山第一,0.0
2016-08-09,岡山文賢,165.0
2016-08-09,大寮大發,144.0
2016-08-09,橋頭市場,150.0
2016-08-10,國民市場,166.0
2016-08-10,鹽埕示範,166.0
2016-08-10,新興第二,150.0
2016-08-10,三民第二,166.0
2016-08-10,左營第四,150.0
2016-08-10,鼓山第三,166.0
2016-08-10,楠梓市場,167.0
2016-08-10,三民第一,167.0
2016-08-10,苓雅市場,166.0
2016-08-10,中華市場,
2016-08-10,旗山第一,155.0
2016-08-10,鳳山第一,0.0
2016-08-10,岡山文賢,165.0
2016-08-10,大寮大發,144.0
2016-08-10,橋頭市場,150.0
2016-08-11,國民市場,166.0
2016-08-11,鹽埕示範,166.0
2016-08-11,新興第二,150.0
2016-08-11,三民第二,183.0
2016-08-11,左營第四,150.0
2016-08-11,鼓山第三,166.0
2016-08-11,楠梓市場,167.0
2016-08-11,三民第一,167.0
2016-08-11,苓雅市場,166.0
2016-08-11,中華市場,166.0
2016-08-11,旗山第一,155.0
2016-08-11,鳳山第一,0.0
2016-08-11,岡山文賢,165.0
2016-08-11,大寮大發,152.0
2016-08-11,橋頭市場,150.0
2016-08-12,國民市場,166.0
2016-08-12,鹽埕示範,166.0
2016-08-12,新興第二,150.0
2016-08-12,三民第二,183.0
2016-08-12,左營第四,150.0
2016-08-12,鼓山第三,166.0
2016-08-12,楠梓市場,167.0
2016-08-12,三民第一,167.0
2016-08-12,苓雅市場,166.0
2016-08-12,中華市場,166.0
2016-08-12,旗山第一,155.0
2016-08-12,鳳山第一,0.0
2016-08-12,岡山文賢,165.0
2016-08-12,大寮大發,152.0
2016-08-12,橋頭市場,150.0
2016-08-13,國民市場,
2016-08-13,鹽埕示範,
2016-08-13,新興第二,
2016-08-13,三民第二,
2016-08-13,左營第四,
2016-08-13,鼓山第三,
2016-08-13,楠梓市場,
2016-08-13,三民第一,
2016-08-13,苓雅市場,
2016-08-13,中華市場,
2016-08-13,旗山第一,
2016-08-13,鳳山第一,
2016-08-13,岡山文賢,
2016-08-13,大寮大發,
2016-08-13,橋頭市場,
2016-08-14,國民市場,
2016-08-14,鹽埕示範,
2016-08-14,新興第二,
2016-08-14,三民第二,
2016-08-14,左營第四,
2016-08-14,鼓山第三,
2016-08-14,楠梓市場,
2016-08-14,三民第一,
2016-08-14,苓雅市場,
2016-08-14,中華市場,
2016-08-14,旗山第一,
2016-08-14,鳳山第一,
2016-08-14,岡山文賢,
2016-08-14,大寮大發,
2016-08-14,橋頭市場,
2016-08-15,國民市場,
2016-08-15,鹽埕示範,166.0
2016-08-15,新興第二,150.0
2016-08-15,三民第二,183.0
2016-08-15,左營第四,150.0
2016-08-15,鼓山第三,166.0
2016-08-15,楠梓市場,167.0
2016-08-15,三民第一,167.0
2016-08-15,苓雅市場,
2016-08-15,中華市場,166.0
2016-08-15,旗山第一,
2016-08-15,鳳山第一,0.0
2016-08-15,岡山文賢,165.0
2016-08-15,大寮大發,176.0
2016-08-15,橋頭市場,150.0
2016-08-16,國民市場,166.0
2016-08-16,鹽埕示範,166.0
2016-08-16,新興第二,150.0
2016-08-16,三民第二,183.0
2016-08-16,左營第四,150.0
2016-08-16,鼓山第三,166.0
2016-08-16,楠梓市場,167.0
2016-08-16,三民第一,167.0
2016-08-16,苓雅市場,166.0
2016-08-16,中華市場,166.0
2016-08-16,旗山第一,155.0
2016-08-16,鳳山第一,0.0
2016-08-16,岡山文賢,165.0
2016-08-16,大寮大發,184.0
2016-08-16,橋頭市場,150.0
2016-08-17,國民市場,0.0
2016-08-17,鹽埕示範,166.0
2016-08-17,新興第二,150.0
2016-08-17,三民第二,
2016-08-17,左營第四,150.0
2016-08-17,鼓山第三,166.0
2016-08-17,楠梓市場,
2016-08-17,三民第一,167.0
2016-08-17,苓雅市場,166.0
2016-08-17,中華市場,166.0
2016-08-17,旗山第一,155.0
2016-08-17,鳳山第一,0.0
2016-08-17,岡山文賢,165.0
2016-08-17,大寮大發,
2016-08-17,橋頭市場,
2016-08-18,國民市場,166.0
2016-08-18,鹽埕示範,166.0
2016-08-18,新興第二,
2016-08-18,三民第二,183.0
2016-08-18,左營第四,150.0
2016-08-18,鼓山第三,166.0
2016-08-18,楠梓市場,167.0
2016-08-18,三民第一,
2016-08-18,苓雅市場,166.0
2016-08-18,中華市場,166.0
2016-08-18,旗山第一,155.0
2016-08-18,鳳山第一,0.0
2016-08-18,岡山文賢,165.0
2016-08-18,大寮大發,184.0
2016-08-18,橋頭市場,150.0
2016-08-19,國民市場,
2016-08-19,鹽埕示範,
2016-08-19,新興第二,
2016-08-19,三民第二,
2016-08-19,左營第四,
2016-08-19,鼓山第三,
2016-08-19,楠梓市場,
2016-08-19,三民第一,
2016-08-19,苓雅市場,
2016-08-19,中華市場,
2016-08-19,旗山第一,155.0
2016-08-19,鳳山第一,
2016-08-19,岡山文賢,
2016-08-19,大寮大發,
2016-08-19,橋頭市場,150.0
2016-08-20,國民市場,
2016-08-20,鹽埕示範,
2016-08-20,新興第二,
2016-08-20,三民第二,
2016-08-20,左營第四,
2016-08-20,鼓山第三,
2016-08-20,楠梓市場,
2016-08-20,三民第一,
2016-08-20,苓雅市場,
2016-08-20,中華市場,
2016-08-20,旗山第一,
2016-08-20,鳳山第一,
2016-08-20,岡山文賢,
2016-08-20,大寮大發,
2016-08-20,橋頭市場,
2016-08-21,國民市場,
2016-08-21,鹽埕示範,
2016-08-21,新興第二,
2016-08-21,三民第二,
2016-08-21,左營第四,
2016-08-21,鼓山第三,
2016-08-21,楠梓市場,
2016-08-21,三民第一,
2016-08-21,苓雅市場,
2016-08-21,中華市場,
2016-08-21,旗山第一,
2016-08-21,鳳山第一,
2016-08-21,岡山文賢,
2016-08-21,大寮大發,
2016-08-21,橋頭市場,
2016-08-22,國民市場,166.0
2016-08-22,鹽埕示範,166.0
2016-08-22,新興第二,150.0
2016-08-22,三民第二,183.0
2016-08-22,左營第四,150.0
2016-08-22,鼓山第三,166.0
2016-08-22,楠梓市場,167.0
2016-08-22,三民第一,167.0
2016-08-22,苓雅市場,166.0
2016-08-22,中華市場,166.0
2016-08-22,旗山第一,
2016-08-22,鳳山第一,0.0
2016-08-22,岡山文賢,183.0
2016-08-22,大寮大發,176.0
2016-08-22,橋頭市場,150.0
2016-08-23,國民市場,166.0
2016-08-23,鹽埕示範,166.0
2016-08-23,新興第二,150.0
2016-08-23,三民第二,
2016-08-23,左營第四,150.0
2016-08-23,鼓山第三,166.0
2016-08-23,楠梓市場,167.0
2016-08-23,三民第一,167.0
2016-08-23,苓雅市場,166.0
2016-08-23,中華市場,166.0
2016-08-23,旗山第一,155.0
2016-08-23,鳳山第一,0.0
2016-08-23,岡山文賢,183.0
2016-08-23,大寮大發,176.0
2016-08-23,橋頭市場,150.0
2016-08-24,國民市場,166.0
2016-08-24,鹽埕示範,166.0
2016-08-24,新興第二,150.0
2016-08-24,三民第二,183.0
2016-08-24,左營第四,150.0
2016-08-24,鼓山第三,166.0
2016-08-24,楠梓市場,167.0
2016-08-24,三民第一,167.0
2016-08-24,苓雅市場,166.0
2016-08-24,中華市場,
2016-08-24,旗山第一,155.0
2016-08-24,鳳山第一,0.0
2016-08-24,岡山文賢,183.0
2016-08-24,大寮大發,168.0
2016-08-24,橋頭市場,150.0
2016-08-25,國民市場,166.0
2016-08-25,鹽埕示範,166.0
2016-08-25,新興第二,150.0
2016-08-25,三民第二,
2016-08-25,左營第四,150.0
2016-08-25,鼓山第三,166.0
2016-08-25,楠梓市場,167.0
2016-08-25,三民第一,167.0
2016-08-25,苓雅市場,166.0
2016-08-25,中華市場,166.0
2016-08-25,旗山第一,155.0
2016-08-25,鳳山第一,0.0
2016-08-25,岡山文賢,183.0
2016-08-25,大寮大發,168.0
2016-08-25,橋頭市場,150.0
2016-08-26,國民市場,166.0
2016-08-26,鹽埕示範,166.0
2016-08-26,新興第二,150.0
2016-08-26,三民第二,183.0
2016-08-26,左營第四,150.0
2016-08-26,鼓山第三,166.0
2016-08-26,楠梓市場,167.0
2016-08-26,三民第一,167.0
2016-08-26,苓雅市場,166.0
2016-08-26,中華市場,166.0
2016-08-26,旗山第一,155.0
2016-08-26,鳳山第一,0.0
2016-08-26,岡山文賢,183.0
2016-08-26,大寮大發,168.0
2016-08-26,橋頭市場,150.0
2016-08-27,國民市場,
2016-08-27,鹽埕示範,
2016-08-27,新興第二,
2016-08-27,三民第二,
2016-08-27,左營第四,
2016-08-27,鼓山第三,
2016-08-27,楠梓市場,
2016-08-27,三民第一,
2016-08-27,苓雅市場,
2016-08-27,中華市場,
2016-08-27,旗山第一,
2016-08-27,鳳山第一,
2016-08-27,岡山文賢,
2016-08-27,大寮大發,
2016-08-27,橋頭市場,
2016-08-28,國民市場,
2016-08-28,鹽埕示範,
2016-08-28,新興第二,
2016-08-28,三民第二,
2016-08-28,左營第四,
2016-08-28,鼓山第三,
2016-08-28,楠梓市場,
2016-08-28,三民第一,
2016-08-28,苓雅市場,
2016-08-28,中華市場,
2016-08-28,旗山第一,
2016-08-28,鳳山第一,
2016-08-28,岡山文賢,
2016-08-28,大寮大發,
2016-08-28,橋頭市場,
2016-08-29,國民市場,166.0
2016-08-29,鹽埕示範,166.0
2016-08-29,新興第二,150.0
2016-08-29,三民第二,183.0
2016-08-29,左營第四,150.0
2016-08-29,鼓山第三,166.0
2016-08-29,楠梓市場,167.0
2016-08-29,三民第一,167.0
2016-08-29,苓雅市場,
2016-08-29,中華市場,166.0
2016-08-29,旗山第一,
2016-08-29,鳳山第一,0.0
2016-08-29,岡山文賢,200.0
2016-08-29,大寮大發,160.0
2016-08-29,橋頭市場,150.0
2016-08-30,國民市場,166.0
2016-08-30,鹽埕示範,166.0
2016-08-30,新興第二,150.0
2016-08-30,三民第二,183.0
2016-08-30,左營第四,150.0
2016-08-30,鼓山第三,166.0
2016-08-30,楠梓市場,167.0
2016-08-30,三民第一,167.0
2016-08-30,苓雅市場,166.0
2016-08-30,中華市場,166.0
2016-08-30,旗山第一,155.0
2016-08-30,鳳山第一,0.0
2016-08-30,岡山文賢,200.0
2016-08-30,大寮大發,160.0
2016-08-30,橋頭市場,150.0
2016-08-31,國民市場,166.0
2016-08-31,鹽埕示範,166.0
2016-08-31,新興第二,150.0
2016-08-31,三民第二,183.0
2016-08-31,左營第四,150.0
2016-08-31,鼓山第三,166.0
2016-08-31,楠梓市場,
2016-08-31,三民第一,167.0
2016-08-31,苓雅市場,166.0
2016-08-31,中華市場,166.0
2016-08-31,旗山第一,155.0
2016-08-31,鳳山第一,0.0
2016-08-31,岡山文賢,200.0
2016-08-31,大寮大發,
2016-08-31,橋頭市場,150.0
2016-09-01,國民市場,166.0
2016-09-01,鹽埕示範,166.0
2016-09-01,新興第二,150.0
2016-09-01,三民第二,0.0
2016-09-01,左營第四,
2016-09-01,鼓山第三,
2016-09-01,楠梓市場,167.0
2016-09-01,三民第一,167.0
2016-09-01,苓雅市場,166.0
2016-09-01,中華市場,166.0
2016-09-01,旗山第一,155.0
2016-09-01,鳳山第一,0.0
2016-09-01,岡山文賢,200.0
2016-09-01,大寮大發,160.0
2016-09-01,橋頭市場,150.0
2016-09-02,國民市場,166.0
2016-09-02,鹽埕示範,166.0
2016-09-02,新興第二,
2016-09-02,三民第二,166.0
2016-09-02,左營第四,150.0
2016-09-02,鼓山第三,166.0
2016-09-02,楠梓市場,167.0
2016-09-02,三民第一,
2016-09-02,苓雅市場,166.0
2016-09-02,中華市場,166.0
2016-09-02,旗山第一,155.0
2016-09-02,鳳山第一,0.0
2016-09-02,岡山文賢,200.0
2016-09-02,大寮大發,160.0
2016-09-02,橋頭市場,150.0
2016-09-03,國民市場,
2016-09-03,鹽埕示範,
2016-09-03,新興第二,
2016-09-03,三民第二,
2016-09-03,左營第四,
2016-09-03,鼓山第三,
2016-09-03,楠梓市場,
2016-09-03,三民第一,
2016-09-03,苓雅市場,
2016-09-03,中華市場,
2016-09-03,旗山第一,
2016-09-03,鳳山第一,
2016-09-03,岡山文賢,
2016-09-03,大寮大發,
2016-09-03,橋頭市場,
2016-09-04,國民市場,
2016-09-04,鹽埕示範,
2016-09-04,新興第二,
2016-09-04,三民第二,
2016-09-04,左營第四,
2016-09-04,鼓山第三,
2016-09-04,楠梓市場,
2016-09-04,三民第一,
2016-09-04,苓雅市場,
2016-09-04,中華市場,
2016-09-04,旗山第一,
2016-09-04,鳳山第一,
2016-09-04,岡山文賢,
2016-09-04,大寮大發,
2016-09-04,橋頭市場,
2016-09-05,國民市場,183.0
2016-09-05,鹽埕示範,166.0
2016-09-05,新興第二,150.0
2016-09-05,三民第二,166.0
2016-09-05,左營第四,150.0
2016-09-05,鼓山第三,166.0
2016-09-05,楠梓市場,167.0
2016-09-05,三民第一,167.0
2016-09-05,苓雅市場,166.0
2016-09-05,中華市場,166.0
2016-09-05,旗山第一,
2016-09-05,鳳山第一,0.0
2016-09-05,岡山文賢,183.0
2016-09-05,大寮大發,160.0
2016-09-05,橋頭市場,150.0
2016-09-06,國民市場,183.0
2016-09-06,鹽埕示範,
2016-09-06,新興第二,150.0
2016-09-06,三民第二,
2016-09-06,左營第四,150.0
2016-09-06,鼓山第三,166.0
2016-09-06,楠梓市場,167.0
2016-09-06,三民第一,167.0
2016-09-06,苓雅市場,166.0
2016-09-06,中華市場,166.0
2016-09-06,旗山第一,0.0
2016-09-06,鳳山第一,0.0
2016-09-06,岡山文賢,183.0
2016-09-06,大寮大發,168.0
2016-09-06,橋頭市場,150.0
2016-09-07,國民市場,183.0
2016-09-07,鹽埕示範,166.0
2016-09-07,新興第二,150.0
2016-09-07,三民第二,183.0
2016-09-07,左營第四,150.0
2016-09-07,鼓山第三,166.0
2016-09-07,楠梓市場,167.0
2016-09-07,三民第一,167.0
2016-09-07,苓雅市場,166.0
2016-09-07,中華市場,
2016-09-07,旗山第一,0.0
2016-09-07,鳳山第一,0.0
2016-09-07,岡山文賢,183.0
2016-09-07,大寮大發,168.0
2016-09-07,橋頭市場,150.0
2016-09-08,國民市場,183.0
2016-09-08,鹽埕示範,166.0
2016-09-08,新興第二,150.0
2016-09-08,三民第二,183.0
2016-09-08,左營第四,150.0
2016-09-08,鼓山第三,166.0
2016-09-08,楠梓市場,167.0
2016-09-08,三民第一,167.0
2016-09-08,苓雅市場,166.0
2016-09-08,中華市場,166.0
2016-09-08,旗山第一,0.0
2016-09-08,鳳山第一,0.0
2016-09-08,岡山文賢,183.0
2016-09-08,大寮大發,168.0
2016-09-08,橋頭市場,150.0
2016-09-09,國民市場,183.0
2016-09-09,鹽埕示範,166.0
2016-09-09,新興第二,150.0
2016-09-09,三民第二,183.0
2016-09-09,左營第四,150.0
2016-09-09,鼓山第三,166.0
2016-09-09,楠梓市場,167.0
2016-09-09,三民第一,167.0
2016-09-09,苓雅市場,166.0
2016-09-09,中華市場,166.0
2016-09-09,旗山第一,155.0
2016-09-09,鳳山第一,0.0
2016-09-09,岡山文賢,183.0
2016-09-09,大寮大發,168.0
2016-09-09,橋頭市場,150.0
2016-09-10,國民市場,
2016-09-10,鹽埕示範,166.0
2016-09-10,新興第二,150.0
2016-09-10,三民第二,
2016-09-10,左營第四,150.0
2016-09-10,鼓山第三,166.0
2016-09-10,楠梓市場,
2016-09-10,三民第一,167.0
2016-09-10,苓雅市場,
2016-09-10,中華市場,166.0
2016-09-10,旗山第一,155.0
2016-09-10,鳳山第一,0.0
2016-09-10,岡山文賢,183.0
2016-09-10,大寮大發,168.0
2016-09-10,橋頭市場,150.0
2016-09-11,國民市場,
2016-09-11,鹽埕示範,
2016-09-11,新興第二,
2016-09-11,三民第二,
2016-09-11,左營第四,
2016-09-11,鼓山第三,
2016-09-11,楠梓市場,
2016-09-11,三民第一,
2016-09-11,苓雅市場,
2016-09-11,中華市場,
2016-09-11,旗山第一,
2016-09-11,鳳山第一,
2016-09-11,岡山文賢,
2016-09-11,大寮大發,
2016-09-11,橋頭市場,
2016-09-12,國民市場,183.0
2016-09-12,鹽埕示範,166.0
2016-09-12,新興第二,150.0
2016-09-12,三民第二,183.0
2016-09-12,左營第四,150.0
2016-09-12,鼓山第三,166.0
2016-09-12,楠梓市場,167.0
2016-09-12,三民第一,167.0
2016-09-12,苓雅市場,166.0
2016-09-12,中華市場,166.0
2016-09-12,旗山第一,
2016-09-12,鳳山第一,0.0
2016-09-12,岡山文賢,217.0
2016-09-12,大寮大發,168.0
2016-09-12,橋頭市場,150.0
2016-09-13,國民市場,166.0
2016-09-13,鹽埕示範,166.0
2016-09-13,新興第二,150.0
2016-09-13,三民第二,183.0
2016-09-13,左營第四,150.0
2016-09-13,鼓山第三,166.0
2016-09-13,楠梓市場,
2016-09-13,三民第一,167.0
2016-09-13,苓雅市場,166.0
2016-09-13,中華市場,166.0
2016-09-13,旗山第一,155.0
2016-09-13,鳳山第一,0.0
2016-09-13,岡山文賢,217.0
2016-09-13,大寮大發,
2016-09-13,橋頭市場,150.0
2016-09-14,國民市場,
2016-09-14,鹽埕示範,
2016-09-14,新興第二,
2016-09-14,三民第二,
2016-09-14,左營第四,
2016-09-14,鼓山第三,
2016-09-14,楠梓市場,
2016-09-14,三民第一,
2016-09-14,苓雅市場,
2016-09-14,中華市場,
2016-09-14,旗山第一,
2016-09-14,鳳山第一,
2016-09-14,岡山文賢,
2016-09-14,大寮大發,
2016-09-14,橋頭市場,
2016-09-15,國民市場,
2016-09-15,鹽埕示範,
2016-09-15,新興第二,
2016-09-15,三民第二,
2016-09-15,左營第四,
2016-09-15,鼓山第三,
2016-09-15,楠梓市場,
2016-09-15,三民第一,
2016-09-15,苓雅市場,
2016-09-15,中華市場,
2016-09-15,旗山第一,
2016-09-15,鳳山第一,
2016-09-15,岡山文賢,
2016-09-15,大寮大發,
2016-09-15,橋頭市場,
2016-09-16,國民市場,
2016-09-16,鹽埕示範,
2016-09-16,新興第二,
2016-09-16,三民第二,
2016-09-16,左營第四,
2016-09-16,鼓山第三,
2016-09-16,楠梓市場,
2016-09-16,三民第一,
2016-09-16,苓雅市場,
2016-09-16,中華市場,
2016-09-16,旗山第一,
2016-09-16,鳳山第一,
2016-09-16,岡山文賢,
2016-09-16,大寮大發,
2016-09-16,橋頭市場,
2016-09-17,國民市場,
2016-09-17,鹽埕示範,
2016-09-17,新興第二,
2016-09-17,三民第二,
2016-09-17,左營第四,
2016-09-17,鼓山第三,
2016-09-17,楠梓市場,
2016-09-17,三民第一,
2016-09-17,苓雅市場,
2016-09-17,中華市場,
2016-09-17,旗山第一,
2016-09-17,鳳山第一,
2016-09-17,岡山文賢,
2016-09-17,大寮大發,
2016-09-17,橋頭市場,
2016-09-18,國民市場,
2016-09-18,鹽埕示範,
2016-09-18,新興第二,
2016-09-18,三民第二,
2016-09-18,左營第四,
2016-09-18,鼓山第三,
2016-09-18,楠梓市場,
2016-09-18,三民第一,
2016-09-18,苓雅市場,
2016-09-18,中華市場,
2016-09-18,旗山第一,
2016-09-18,鳳山第一,
2016-09-18,岡山文賢,
2016-09-18,大寮大發,
2016-09-18,橋頭市場,
2016-09-19,國民市場,
2016-09-19,鹽埕示範,166.0
2016-09-19,新興第二,150.0
2016-09-19,三民第二,183.0
2016-09-19,左營第四,150.0
2016-09-19,鼓山第三,166.0
2016-09-19,楠梓市場,167.0
2016-09-19,三民第一,167.0
2016-09-19,苓雅市場,183.0
2016-09-19,中華市場,166.0
2016-09-19,旗山第一,0.0
2016-09-19,鳳山第一,0.0
2016-09-19,岡山文賢,200.0
2016-09-19,大寮大發,168.0
2016-09-19,橋頭市場,200.0
2016-09-20,國民市場,166.0
2016-09-20,鹽埕示範,166.0
2016-09-20,新興第二,167.0
2016-09-20,三民第二,183.0
2016-09-20,左營第四,150.0
2016-09-20,鼓山第三,166.0
2016-09-20,楠梓市場,167.0
2016-09-20,三民第一,167.0
2016-09-20,苓雅市場,183.0
2016-09-20,中華市場,166.0
2016-09-20,旗山第一,155.0
2016-09-20,鳳山第一,0.0
2016-09-20,岡山文賢,200.0
2016-09-20,大寮大發,168.0
2016-09-20,橋頭市場,200.0
2016-09-21,國民市場,166.0
2016-09-21,鹽埕示範,
2016-09-21,新興第二,167.0
2016-09-21,三民第二,
2016-09-21,左營第四,150.0
2016-09-21,鼓山第三,166.0
2016-09-21,楠梓市場,167.0
2016-09-21,三民第一,167.0
2016-09-21,苓雅市場,183.0
2016-09-21,中華市場,166.0
2016-09-21,旗山第一,155.0
2016-09-21,鳳山第一,0.0
2016-09-21,岡山文賢,200.0
2016-09-21,大寮大發,168.0
2016-09-21,橋頭市場,200.0
2016-09-22,國民市場,166.0
2016-09-22,鹽埕示範,166.0
2016-09-22,新興第二,167.0
2016-09-22,三民第二,183.0
2016-09-22,左營第四,150.0
2016-09-22,鼓山第三,166.0
2016-09-22,楠梓市場,167.0
2016-09-22,三民第一,167.0
2016-09-22,苓雅市場,183.0
2016-09-22,中華市場,166.0
2016-09-22,旗山第一,155.0
2016-09-22,鳳山第一,0.0
2016-09-22,岡山文賢,200.0
2016-09-22,大寮大發,168.0
2016-09-22,橋頭市場,200.0
2016-09-23,國民市場,166.0
2016-09-23,鹽埕示範,166.0
2016-09-23,新興第二,167.0
2016-09-23,三民第二,183.0
2016-09-23,左營第四,150.0
2016-09-23,鼓山第三,166.0
2016-09-23,楠梓市場,167.0
2016-09-23,三民第一,167.0
2016-09-23,苓雅市場,183.0
2016-09-23,中華市場,166.0
2016-09-23,旗山第一,155.0
2016-09-23,鳳山第一,0.0
2016-09-23,岡山文賢,200.0
2016-09-23,大寮大發,168.0
2016-09-23,橋頭市場,200.0
2016-09-24,國民市場,
2016-09-24,鹽埕示範,
2016-09-24,新興第二,
2016-09-24,三民第二,
2016-09-24,左營第四,
2016-09-24,鼓山第三,
2016-09-24,楠梓市場,
2016-09-24,三民第一,
2016-09-24,苓雅市場,
2016-09-24,中華市場,
2016-09-24,旗山第一,
2016-09-24,鳳山第一,
2016-09-24,岡山文賢,
2016-09-24,大寮大發,
2016-09-24,橋頭市場,
2016-09-25,國民市場,
2016-09-25,鹽埕示範,
2016-09-25,新興第二,
2016-09-25,三民第二,
2016-09-25,左營第四,
2016-09-25,鼓山第三,
2016-09-25,楠梓市場,
2016-09-25,三民第一,
2016-09-25,苓雅市場,
2016-09-25,中華市場,
2016-09-25,旗山第一,
2016-09-25,鳳山第一,
2016-09-25,岡山文賢,
2016-09-25,大寮大發,
2016-09-25,橋頭市場,
2016-09-26,國民市場,183.0
2016-09-26,鹽埕示範,166.0
2016-09-26,新興第二,167.0
2016-09-26,三民第二,183.0
2016-09-26,左營第四,150.0
2016-09-26,鼓山第三,166.0
2016-09-26,楠梓市場,167.0
2016-09-26,三民第一,167.0
2016-09-26,苓雅市場,166.0
2016-09-26,中華市場,166.0
2016-09-26,旗山第一,155.0
2016-09-26,鳳山第一,0.0
2016-09-26,岡山文賢,200.0
2016-09-26,大寮大發,168.0
2016-09-26,橋頭市場,200.0
2016-09-27,國民市場,
2016-09-27,鹽埕示範,166.0
2016-09-27,新興第二,167.0
2016-09-27,三民第二,183.0
2016-09-27,左營第四,150.0
2016-09-27,鼓山第三,166.0
2016-09-27,楠梓市場,
2016-09-27,三民第一,167.0
2016-09-27,苓雅市場,
2016-09-27,中華市場,166.0
2016-09-27,旗山第一,155.0
2016-09-27,鳳山第一,0.0
2016-09-27,岡山文賢,200.0
2016-09-27,大寮大發,176.0
2016-09-27,橋頭市場,
2016-09-28,國民市場,
2016-09-28,鹽埕示範,
2016-09-28,新興第二,
2016-09-28,三民第二,
2016-09-28,左營第四,
2016-09-28,鼓山第三,
2016-09-28,楠梓市場,
2016-09-28,三民第一,
2016-09-28,苓雅市場,
2016-09-28,中華市場,
2016-09-28,旗山第一,
2016-09-28,鳳山第一,
2016-09-28,岡山文賢,
2016-09-28,大寮大發,
2016-09-28,橋頭市場,
2016-09-29,國民市場,183.0
2016-09-29,鹽埕示範,166.0
2016-09-29,新興第二,167.0
2016-09-29,三民第二,183.0
2016-09-29,左營第四,150.0
2016-09-29,鼓山第三,
2016-09-29,楠梓市場,167.0
2016-09-29,三民第一,167.0
2016-09-29,苓雅市場,166.0
2016-09-29,中華市場,166.0
2016-09-29,旗山第一,155.0
2016-09-29,鳳山第一,0.0
2016-09-29,岡山文賢,200.0
2016-09-29,大寮大發,176.0
2016-09-29,橋頭市場,200.0
2016-09-30,國民市場,183.0
2016-09-30,鹽埕示範,166.0
2016-09-30,新興第二,167.0
2016-09-30,三民第二,183.0
2016-09-30,左營第四,150.0
2016-09-30,鼓山第三,166.0
2016-09-30,楠梓市場,167.0
2016-09-30,三民第一,167.0
2016-09-30,苓雅市場,166.0
2016-09-30,中華市場,166.0
2016-09-30,旗山第一,170.0
2016-09-30,鳳山第一,0.0
2016-09-30,岡山文賢,200.0
2016-09-30,大寮大發,
2016-09-30,橋頭市場,200.0
2016-10-01,國民市場,
2016-10-01,鹽埕示範,
2016-10-01,新興第二,
2016-10-01,三民第二,
2016-10-01,左營第四,
2016-10-01,鼓山第三,
2016-10-01,楠梓市場,
2016-10-01,三民第一,
2016-10-01,苓雅市場,
2016-10-01,中華市場,
2016-10-01,旗山第一,
2016-10-01,鳳山第一,
2016-10-01,岡山文賢,
2016-10-01,大寮大發,
2016-10-01,橋頭市場,
2016-10-02,國民市場,
2016-10-02,鹽埕示範,
2016-10-02,新興第二,
2016-10-02,三民第二,
2016-10-02,左營第四,
2016-10-02,鼓山第三,
2016-10-02,楠梓市場,
2016-10-02,三民第一,
2016-10-02,苓雅市場,
2016-10-02,中華市場,
2016-10-02,旗山第一,
2016-10-02,鳳山第一,
2016-10-02,岡山文賢,
2016-10-02,大寮大發,
2016-10-02,橋頭市場,
2016-10-03,國民市場,183.0
2016-10-03,鹽埕示範,166.0
2016-10-03,新興第二,167.0
2016-10-03,三民第二,200.0
2016-10-03,左營第四,150.0
2016-10-03,鼓山第三,166.0
2016-10-03,楠梓市場,167.0
2016-10-03,三民第一,167.0
2016-10-03,苓雅市場,167.0
2016-10-03,中華市場,200.0
2016-10-03,旗山第一,
2016-10-03,鳳山第一,0.0
2016-10-03,岡山文賢,183.0
2016-10-03,大寮大發,176.0
2016-10-03,橋頭市場,200.0
2016-10-04,國民市場,183.0
2016-10-04,鹽埕示範,166.0
2016-10-04,新興第二,167.0
2016-10-04,三民第二,200.0
2016-10-04,左營第四,150.0
2016-10-04,鼓山第三,166.0
2016-10-04,楠梓市場,167.0
2016-10-04,三民第一,167.0
2016-10-04,苓雅市場,167.0
2016-10-04,中華市場,200.0
2016-10-04,旗山第一,170.0
2016-10-04,鳳山第一,0.0
2016-10-04,岡山文賢,183.0
2016-10-04,大寮大發,176.0
2016-10-04,橋頭市場,200.0
2016-10-05,國民市場,183.0
2016-10-05,鹽埕示範,
2016-10-05,新興第二,167.0
2016-10-05,三民第二,
2016-10-05,左營第四,150.0
2016-10-05,鼓山第三,166.0
2016-10-05,楠梓市場,167.0
2016-10-05,三民第一,167.0
2016-10-05,苓雅市場,167.0
2016-10-05,中華市場,200.0
2016-10-05,旗山第一,170.0
2016-10-05,鳳山第一,0.0
2016-10-05,岡山文賢,183.0
2016-10-05,大寮大發,176.0
2016-10-05,橋頭市場,200.0
2016-10-06,國民市場,183.0
2016-10-06,鹽埕示範,166.0
2016-10-06,新興第二,167.0
2016-10-06,三民第二,200.0
2016-10-06,左營第四,150.0
2016-10-06,鼓山第三,166.0
2016-10-06,楠梓市場,167.0
2016-10-06,三民第一,167.0
2016-10-06,苓雅市場,167.0
2016-10-06,中華市場,200.0
2016-10-06,旗山第一,170.0
2016-10-06,鳳山第一,0.0
2016-10-06,岡山文賢,183.0
2016-10-06,大寮大發,176.0
2016-10-06,橋頭市場,200.0
2016-10-07,國民市場,183.0
2016-10-07,鹽埕示範,166.0
2016-10-07,新興第二,167.0
2016-10-07,三民第二,200.0
2016-10-07,左營第四,150.0
2016-10-07,鼓山第三,166.0
2016-10-07,楠梓市場,167.0
2016-10-07,三民第一,167.0
2016-10-07,苓雅市場,167.0
2016-10-07,中華市場,200.0
2016-10-07,旗山第一,170.0
2016-10-07,鳳山第一,0.0
2016-10-07,岡山文賢,183.0
2016-10-07,大寮大發,176.0
2016-10-07,橋頭市場,200.0
2016-10-08,國民市場,
2016-10-08,鹽埕示範,
2016-10-08,新興第二,
2016-10-08,三民第二,
2016-10-08,左營第四,
2016-10-08,鼓山第三,
2016-10-08,楠梓市場,
2016-10-08,三民第一,
2016-10-08,苓雅市場,
2016-10-08,中華市場,
2016-10-08,旗山第一,
2016-10-08,鳳山第一,
2016-10-08,岡山文賢,
2016-10-08,大寮大發,
2016-10-08,橋頭市場,
2016-10-09,國民市場,
2016-10-09,鹽埕示範,
2016-10-09,新興第二,
2016-10-09,三民第二,
2016-10-09,左營第四,
2016-10-09,鼓山第三,
2016-10-09,楠梓市場,
2016-10-09,三民第一,
2016-10-09,苓雅市場,
2016-10-09,中華市場,
2016-10-09,旗山第一,
2016-10-09,鳳山第一,
2016-10-09,岡山文賢,
2016-10-09,大寮大發,
2016-10-09,橋頭市場,
2016-10-10,國民市場,
2016-10-10,鹽埕示範,
2016-10-10,新興第二,
2016-10-10,三民第二,
2016-10-10,左營第四,
2016-10-10,鼓山第三,
2016-10-10,楠梓市場,
2016-10-10,三民第一,
2016-10-10,苓雅市場,
2016-10-10,中華市場,
2016-10-10,旗山第一,
2016-10-10,鳳山第一,
2016-10-10,岡山文賢,
2016-10-10,大寮大發,
2016-10-10,橋頭市場,
2016-10-11,國民市場,200.0
2016-10-11,鹽埕示範,166.0
2016-10-11,新興第二,167.0
2016-10-11,三民第二,200.0
2016-10-11,左營第四,150.0
2016-10-11,鼓山第三,183.0
2016-10-11,楠梓市場,167.0
2016-10-11,三民第一,167.0
2016-10-11,苓雅市場,167.0
2016-10-11,中華市場,200.0
2016-10-11,旗山第一,170.0
2016-10-11,鳳山第一,0.0
2016-10-11,岡山文賢,217.0
2016-10-11,大寮大發,184.0
2016-10-11,橋頭市場,200.0
2016-10-12,國民市場,
2016-10-12,鹽埕示範,166.0
2016-10-12,新興第二,167.0
2016-10-12,三民第二,200.0
2016-10-12,左營第四,150.0
2016-10-12,鼓山第三,183.0
2016-10-12,楠梓市場,167.0
2016-10-12,三民第一,167.0
2016-10-12,苓雅市場,
2016-10-12,中華市場,200.0
2016-10-12,旗山第一,170.0
2016-10-12,鳳山第一,0.0
2016-10-12,岡山文賢,217.0
2016-10-12,大寮大發,184.0
2016-10-12,橋頭市場,200.0
2016-10-13,國民市場,200.0
2016-10-13,鹽埕示範,166.0
2016-10-13,新興第二,167.0
2016-10-13,三民第二,200.0
2016-10-13,左營第四,150.0
2016-10-13,鼓山第三,183.0
2016-10-13,楠梓市場,167.0
2016-10-13,三民第一,167.0
2016-10-13,苓雅市場,167.0
2016-10-13,中華市場,200.0
2016-10-13,旗山第一,170.0
2016-10-13,鳳山第一,0.0
2016-10-13,岡山文賢,217.0
2016-10-13,大寮大發,184.0
2016-10-13,橋頭市場,200.0
2016-10-14,國民市場,200.0
2016-10-14,鹽埕示範,166.0
2016-10-14,新興第二,167.0
2016-10-14,三民第二,200.0
2016-10-14,左營第四,150.0
2016-10-14,鼓山第三,183.0
2016-10-14,楠梓市場,167.0
2016-10-14,三民第一,167.0
2016-10-14,苓雅市場,167.0
2016-10-14,中華市場,200.0
2016-10-14,旗山第一,170.0
2016-10-14,鳳山第一,0.0
2016-10-14,岡山文賢,217.0
2016-10-14,大寮大發,184.0
2016-10-14,橋頭市場,200.0
2016-10-15,國民市場,
2016-10-15,鹽埕示範,
2016-10-15,新興第二,
2016-10-15,三民第二,
2016-10-15,左營第四,
2016-10-15,鼓山第三,
2016-10-15,楠梓市場,
2016-10-15,三民第一,
2016-10-15,苓雅市場,
2016-10-15,中華市場,
2016-10-15,旗山第一,
2016-10-15,鳳山第一,
2016-10-15,岡山文賢,
2016-10-15,大寮大發,
2016-10-15,橋頭市場,
2016-10-16,國民市場,
2016-10-16,鹽埕示範,
2016-10-16,新興第二,
2016-10-16,三民第二,
2016-10-16,左營第四,
2016-10-16,鼓山第三,
2016-10-16,楠梓市場,
2016-10-16,三民第一,
2016-10-16,苓雅市場,
2016-10-16,中華市場,
2016-10-16,旗山第一,
2016-10-16,鳳山第一,
2016-10-16,岡山文賢,
2016-10-16,大寮大發,
2016-10-16,橋頭市場,
2016-10-17,國民市場,
2016-10-17,鹽埕示範,
2016-10-17,新興第二,
2016-10-17,三民第二,
2016-10-17,左營第四,
2016-10-17,鼓山第三,
2016-10-17,楠梓市場,
2016-10-17,三民第一,
2016-10-17,苓雅市場,
2016-10-17,中華市場,
2016-10-17,旗山第一,
2016-10-17,鳳山第一,
2016-10-17,岡山文賢,217.0
2016-10-17,大寮大發,
2016-10-17,橋頭市場,200.0
2016-10-18,國民市場,150.0
2016-10-18,鹽埕示範,166.0
2016-10-18,新興第二,167.0
2016-10-18,三民第二,200.0
2016-10-18,左營第四,150.0
2016-10-18,鼓山第三,183.0
2016-10-18,楠梓市場,167.0
2016-10-18,三民第一,167.0
2016-10-18,苓雅市場,167.0
2016-10-18,中華市場,200.0
2016-10-18,旗山第一,170.0
2016-10-18,鳳山第一,0.0
2016-10-18,岡山文賢,217.0
2016-10-18,大寮大發,160.0
2016-10-18,橋頭市場,200.0
2016-10-19,國民市場,150.0
2016-10-19,鹽埕示範,166.0
2016-10-19,新興第二,167.0
2016-10-19,三民第二,200.0
2016-10-19,左營第四,150.0
2016-10-19,鼓山第三,183.0
2016-10-19,楠梓市場,167.0
2016-10-19,三民第一,167.0
2016-10-19,苓雅市場,167.0
2016-10-19,中華市場,200.0
2016-10-19,旗山第一,170.0
2016-10-19,鳳山第一,0.0
2016-10-19,岡山文賢,217.0
2016-10-19,大寮大發,160.0
2016-10-19,橋頭市場,200.0
2016-10-20,國民市場,150.0
2016-10-20,鹽埕示範,
2016-10-20,新興第二,167.0
2016-10-20,三民第二,
2016-10-20,左營第四,150.0
2016-10-20,鼓山第三,183.0
2016-10-20,楠梓市場,167.0
2016-10-20,三民第一,167.0
2016-10-20,苓雅市場,167.0
2016-10-20,中華市場,200.0
2016-10-20,旗山第一,170.0
2016-10-20,鳳山第一,0.0
2016-10-20,岡山文賢,217.0
2016-10-20,大寮大發,160.0
2016-10-20,橋頭市場,200.0
2016-10-21,國民市場,150.0
2016-10-21,鹽埕示範,166.0
2016-10-21,新興第二,167.0
2016-10-21,三民第二,200.0
2016-10-21,左營第四,150.0
2016-10-21,鼓山第三,183.0
2016-10-21,楠梓市場,
2016-10-21,三民第一,167.0
2016-10-21,苓雅市場,167.0
2016-10-21,中華市場,200.0
2016-10-21,旗山第一,170.0
2016-10-21,鳳山第一,0.0
2016-10-21,岡山文賢,217.0
2016-10-21,大寮大發,160.0
2016-10-21,橋頭市場,200.0
2016-10-22,國民市場,
2016-10-22,鹽埕示範,
2016-10-22,新興第二,
2016-10-22,三民第二,
2016-10-22,左營第四,
2016-10-22,鼓山第三,
2016-10-22,楠梓市場,
2016-10-22,三民第一,
2016-10-22,苓雅市場,
2016-10-22,中華市場,
2016-10-22,旗山第一,
2016-10-22,鳳山第一,
2016-10-22,岡山文賢,
2016-10-22,大寮大發,
2016-10-22,橋頭市場,
2016-10-23,國民市場,
2016-10-23,鹽埕示範,
2016-10-23,新興第二,
2016-10-23,三民第二,
2016-10-23,左營第四,
2016-10-23,鼓山第三,
2016-10-23,楠梓市場,
2016-10-23,三民第一,
2016-10-23,苓雅市場,
2016-10-23,中華市場,
2016-10-23,旗山第一,
2016-10-23,鳳山第一,
2016-10-23,岡山文賢,
2016-10-23,大寮大發,
2016-10-23,橋頭市場,
2016-10-24,國民市場,150.0
2016-10-24,鹽埕示範,166.0
2016-10-24,新興第二,167.0
2016-10-24,三民第二,200.0
2016-10-24,左營第四,150.0
2016-10-24,鼓山第三,183.0
2016-10-24,楠梓市場,167.0
2016-10-24,三民第一,167.0
2016-10-24,苓雅市場,167.0
2016-10-24,中華市場,
2016-10-24,旗山第一,
2016-10-24,鳳山第一,0.0
2016-10-24,岡山文賢,183.0
2016-10-24,大寮大發,160.0
2016-10-24,橋頭市場,200.0
2016-10-25,國民市場,150.0
2016-10-25,鹽埕示範,
2016-10-25,新興第二,
2016-10-25,三民第二,
2016-10-25,左營第四,
2016-10-25,鼓山第三,
2016-10-25,楠梓市場,133.0
2016-10-25,三民第一,
2016-10-25,苓雅市場,167.0
2016-10-25,中華市場,200.0
2016-10-25,旗山第一,170.0
2016-10-25,鳳山第一,0.0
2016-10-25,岡山文賢,183.0
2016-10-25,大寮大發,
2016-10-25,橋頭市場,200.0
2016-10-26,國民市場,166.0
2016-10-26,鹽埕示範,166.0
2016-10-26,新興第二,167.0
2016-10-26,三民第二,200.0
2016-10-26,左營第四,150.0
2016-10-26,鼓山第三,183.0
2016-10-26,楠梓市場,133.0
2016-10-26,三民第一,167.0
2016-10-26,苓雅市場,167.0
2016-10-26,中華市場,200.0
2016-10-26,旗山第一,170.0
2016-10-26,鳳山第一,0.0
2016-10-26,岡山文賢,183.0
2016-10-26,大寮大發,160.0
2016-10-26,橋頭市場,200.0
2016-10-27,國民市場,
2016-10-27,鹽埕示範,166.0
2016-10-27,新興第二,167.0
2016-10-27,三民第二,200.0
2016-10-27,左營第四,150.0
2016-10-27,鼓山第三,166.0
2016-10-27,楠梓市場,133.0
2016-10-27,三民第一,167.0
2016-10-27,苓雅市場,
2016-10-27,中華市場,200.0
2016-10-27,旗山第一,170.0
2016-10-27,鳳山第一,0.0
2016-10-27,岡山文賢,183.0
2016-10-27,大寮大發,160.0
2016-10-27,橋頭市場,200.0
2016-10-28,國民市場,150.0
2016-10-28,鹽埕示範,166.0
2016-10-28,新興第二,167.0
2016-10-28,三民第二,200.0
2016-10-28,左營第四,150.0
2016-10-28,鼓山第三,166.0
2016-10-28,楠梓市場,133.0
2016-10-28,三民第一,167.0
2016-10-28,苓雅市場,167.0
2016-10-28,中華市場,200.0
2016-10-28,旗山第一,170.0
2016-10-28,鳳山第一,0.0
2016-10-28,岡山文賢,183.0
2016-10-28,大寮大發,160.0
2016-10-28,橋頭市場,200.0
2016-10-29,國民市場,
2016-10-29,鹽埕示範,
2016-10-29,新興第二,
2016-10-29,三民第二,
2016-10-29,左營第四,
2016-10-29,鼓山第三,
2016-10-29,楠梓市場,
2016-10-29,三民第一,
2016-10-29,苓雅市場,
2016-10-29,中華市場,
2016-10-29,旗山第一,
2016-10-29,鳳山第一,
2016-10-29,岡山文賢,
2016-10-29,大寮大發,
2016-10-29,橋頭市場,
2016-10-30,國民市場,
2016-10-30,鹽埕示範,
2016-10-30,新興第二,
2016-10-30,三民第二,
2016-10-30,左營第四,
2016-10-30,鼓山第三,
2016-10-30,楠梓市場,
2016-10-30,三民第一,
2016-10-30,苓雅市場,
2016-10-30,中華市場,
2016-10-30,旗山第一,
2016-10-30,鳳山第一,
2016-10-30,岡山文賢,
2016-10-30,大寮大發,
2016-10-30,橋頭市場,
2016-10-31,國民市場,
2016-10-31,鹽埕示範,
2016-10-31,新興第二,
2016-10-31,三民第二,
2016-10-31,左營第四,
2016-10-31,鼓山第三,
2016-10-31,楠梓市場,133.0
2016-10-31,三民第一,
2016-10-31,苓雅市場,
2016-10-31,中華市場,200.0
2016-10-31,旗山第一,
2016-10-31,鳳山第一,0.0
2016-10-31,岡山文賢,
2016-10-31,大寮大發,
2016-10-31,橋頭市場,200.0
2016-11-01,國民市場,166.0
2016-11-01,鹽埕示範,166.0
2016-11-01,新興第二,167.0
2016-11-01,三民第二,200.0
2016-11-01,左營第四,150.0
2016-11-01,鼓山第三,166.0
2016-11-01,楠梓市場,
2016-11-01,三民第一,167.0
2016-11-01,苓雅市場,167.0
2016-11-01,中華市場,200.0
2016-11-01,旗山第一,170.0
2016-11-01,鳳山第一,0.0
2016-11-01,岡山文賢,200.0
2016-11-01,大寮大發,
2016-11-01,橋頭市場,200.0
2016-11-02,國民市場,166.0
2016-11-02,鹽埕示範,166.0
2016-11-02,新興第二,167.0
2016-11-02,三民第二,200.0
2016-11-02,左營第四,150.0
2016-11-02,鼓山第三,
2016-11-02,楠梓市場,133.0
2016-11-02,三民第一,167.0
2016-11-02,苓雅市場,167.0
2016-11-02,中華市場,200.0
2016-11-02,旗山第一,170.0
2016-11-02,鳳山第一,0.0
2016-11-02,岡山文賢,200.0
2016-11-02,大寮大發,160.0
2016-11-02,橋頭市場,200.0
2016-11-03,國民市場,166.0
2016-11-03,鹽埕示範,166.0
2016-11-03,新興第二,167.0
2016-11-03,三民第二,
2016-11-03,左營第四,150.0
2016-11-03,鼓山第三,166.0
2016-11-03,楠梓市場,133.0
2016-11-03,三民第一,167.0
2016-11-03,苓雅市場,167.0
2016-11-03,中華市場,200.0
2016-11-03,旗山第一,170.0
2016-11-03,鳳山第一,0.0
2016-11-03,岡山文賢,200.0
2016-11-03,大寮大發,160.0
2016-11-03,橋頭市場,200.0
2016-11-04,國民市場,166.0
2016-11-04,鹽埕示範,166.0
2016-11-04,新興第二,167.0
2016-11-04,三民第二,200.0
2016-11-04,左營第四,150.0
2016-11-04,鼓山第三,166.0
2016-11-04,楠梓市場,133.0
2016-11-04,三民第一,167.0
2016-11-04,苓雅市場,167.0
2016-11-04,中華市場,200.0
2016-11-04,旗山第一,170.0
2016-11-04,鳳山第一,0.0
2016-11-04,岡山文賢,200.0
2016-11-04,大寮大發,156.0
2016-11-04,橋頭市場,200.0
2016-11-05,國民市場,
2016-11-05,鹽埕示範,
2016-11-05,新興第二,
2016-11-05,三民第二,
2016-11-05,左營第四,
2016-11-05,鼓山第三,
2016-11-05,楠梓市場,
2016-11-05,三民第一,
2016-11-05,苓雅市場,
2016-11-05,中華市場,
2016-11-05,旗山第一,
2016-11-05,鳳山第一,
2016-11-05,岡山文賢,
2016-11-05,大寮大發,
2016-11-05,橋頭市場,
2016-11-06,國民市場,
2016-11-06,鹽埕示範,
2016-11-06,新興第二,
2016-11-06,三民第二,
2016-11-06,左營第四,
2016-11-06,鼓山第三,
2016-11-06,楠梓市場,
2016-11-06,三民第一,
2016-11-06,苓雅市場,
2016-11-06,中華市場,
2016-11-06,旗山第一,
2016-11-06,鳳山第一,
2016-11-06,岡山文賢,
2016-11-06,大寮大發,
2016-11-06,橋頭市場,
2016-11-07,國民市場,166.0
2016-11-07,鹽埕示範,
2016-11-07,新興第二,167.0
2016-11-07,三民第二,
2016-11-07,左營第四,150.0
2016-11-07,鼓山第三,166.0
2016-11-07,楠梓市場,133.0
2016-11-07,三民第一,167.0
2016-11-07,苓雅市場,167.0
2016-11-07,中華市場,200.0
2016-11-07,旗山第一,
2016-11-07,鳳山第一,0.0
2016-11-07,岡山文賢,183.0
2016-11-07,大寮大發,156.0
2016-11-07,橋頭市場,200.0
2016-11-08,國民市場,166.0
2016-11-08,鹽埕示範,166.0
2016-11-08,新興第二,167.0
2016-11-08,三民第二,
2016-11-08,左營第四,150.0
2016-11-08,鼓山第三,166.0
2016-11-08,楠梓市場,133.0
2016-11-08,三民第一,167.0
2016-11-08,苓雅市場,167.0
2016-11-08,中華市場,
2016-11-08,旗山第一,170.0
2016-11-08,鳳山第一,0.0
2016-11-08,岡山文賢,183.0
2016-11-08,大寮大發,156.0
2016-11-08,橋頭市場,200.0
2016-11-09,國民市場,166.0
2016-11-09,鹽埕示範,166.0
2016-11-09,新興第二,167.0
2016-11-09,三民第二,200.0
2016-11-09,左營第四,150.0
2016-11-09,鼓山第三,166.0
2016-11-09,楠梓市場,133.0
2016-11-09,三民第一,167.0
2016-11-09,苓雅市場,167.0
2016-11-09,中華市場,200.0
2016-11-09,旗山第一,170.0
2016-11-09,鳳山第一,0.0
2016-11-09,岡山文賢,183.0
2016-11-09,大寮大發,156.0
2016-11-09,橋頭市場,200.0
2016-11-10,國民市場,166.0
2016-11-10,鹽埕示範,166.0
2016-11-10,新興第二,167.0
2016-11-10,三民第二,183.0
2016-11-10,左營第四,150.0
2016-11-10,鼓山第三,166.0
2016-11-10,楠梓市場,133.0
2016-11-10,三民第一,167.0
2016-11-10,苓雅市場,167.0
2016-11-10,中華市場,200.0
2016-11-10,旗山第一,170.0
2016-11-10,鳳山第一,0.0
2016-11-10,岡山文賢,183.0
2016-11-10,大寮大發,156.0
2016-11-10,橋頭市場,200.0
2016-11-11,國民市場,
2016-11-11,鹽埕示範,
2016-11-11,新興第二,
2016-11-11,三民第二,
2016-11-11,左營第四,
2016-11-11,鼓山第三,
2016-11-11,楠梓市場,133.0
2016-11-11,三民第一,
2016-11-11,苓雅市場,
2016-11-11,中華市場,
2016-11-11,旗山第一,170.0
2016-11-11,鳳山第一,0.0
2016-11-11,岡山文賢,
2016-11-11,大寮大發,
2016-11-11,橋頭市場,200.0
2016-11-12,國民市場,
2016-11-12,鹽埕示範,
2016-11-12,新興第二,
2016-11-12,三民第二,
2016-11-12,左營第四,
2016-11-12,鼓山第三,
2016-11-12,楠梓市場,
2016-11-12,三民第一,
2016-11-12,苓雅市場,
2016-11-12,中華市場,
2016-11-12,旗山第一,
2016-11-12,鳳山第一,
2016-11-12,岡山文賢,
2016-11-12,大寮大發,
2016-11-12,橋頭市場,
2016-11-13,國民市場,
2016-11-13,鹽埕示範,
2016-11-13,新興第二,
2016-11-13,三民第二,
2016-11-13,左營第四,
2016-11-13,鼓山第三,
2016-11-13,楠梓市場,
2016-11-13,三民第一,
2016-11-13,苓雅市場,
2016-11-13,中華市場,
2016-11-13,旗山第一,
2016-11-13,鳳山第一,
2016-11-13,岡山文賢,
2016-11-13,大寮大發,
2016-11-13,橋頭市場,
2016-11-14,國民市場,
2016-11-14,鹽埕示範,166.0
2016-11-14,新興第二,167.0
2016-11-14,三民第二,183.0
2016-11-14,左營第四,150.0
2016-11-14,鼓山第三,166.0
2016-11-14,楠梓市場,133.0
2016-11-14,三民第一,167.0
2016-11-14,苓雅市場,
2016-11-14,中華市場,200.0
2016-11-14,旗山第一,
2016-11-14,鳳山第一,0.0
2016-11-14,岡山文賢,183.0
2016-11-14,大寮大發,144.0
2016-11-14,橋頭市場,200.0
2016-11-15,國民市場,150.0
2016-11-15,鹽埕示範,166.0
2016-11-15,新興第二,167.0
2016-11-15,三民第二,166.0
2016-11-15,左營第四,150.0
2016-11-15,鼓山第三,166.0
2016-11-15,楠梓市場,133.0
2016-11-15,三民第一,167.0
2016-11-15,苓雅市場,167.0
2016-11-15,中華市場,200.0
2016-11-15,旗山第一,170.0
2016-11-15,鳳山第一,0.0
2016-11-15,岡山文賢,183.0
2016-11-15,大寮大發,144.0
2016-11-15,橋頭市場,200.0
2016-11-16,國民市場,150.0
2016-11-16,鹽埕示範,
2016-11-16,新興第二,
2016-11-16,三民第二,
2016-11-16,左營第四,
2016-11-16,鼓山第三,
2016-11-16,楠梓市場,
2016-11-16,三民第一,
2016-11-16,苓雅市場,167.0
2016-11-16,中華市場,
2016-11-16,旗山第一,160.0
2016-11-16,鳳山第一,
2016-11-16,岡山文賢,183.0
2016-11-16,大寮大發,
2016-11-16,橋頭市場,200.0
2016-11-17,國民市場,150.0
2016-11-17,鹽埕示範,166.0
2016-11-17,新興第二,167.0
2016-11-17,三民第二,166.0
2016-11-17,左營第四,150.0
2016-11-17,鼓山第三,166.0
2016-11-17,楠梓市場,133.0
2016-11-17,三民第一,167.0
2016-11-17,苓雅市場,167.0
2016-11-17,中華市場,200.0
2016-11-17,旗山第一,160.0
2016-11-17,鳳山第一,0.0
2016-11-17,岡山文賢,183.0
2016-11-17,大寮大發,144.0
2016-11-17,橋頭市場,200.0
2016-11-18,國民市場,150.0
2016-11-18,鹽埕示範,166.0
2016-11-18,新興第二,167.0
2016-11-18,三民第二,166.0
2016-11-18,左營第四,150.0
2016-11-18,鼓山第三,166.0
2016-11-18,楠梓市場,150.0
2016-11-18,三民第一,167.0
2016-11-18,苓雅市場,167.0
2016-11-18,中華市場,200.0
2016-11-18,旗山第一,160.0
2016-11-18,鳳山第一,0.0
2016-11-18,岡山文賢,183.0
2016-11-18,大寮大發,144.0
2016-11-18,橋頭市場,200.0
2016-11-19,國民市場,
2016-11-19,鹽埕示範,
2016-11-19,新興第二,
2016-11-19,三民第二,
2016-11-19,左營第四,
2016-11-19,鼓山第三,
2016-11-19,楠梓市場,
2016-11-19,三民第一,
2016-11-19,苓雅市場,
2016-11-19,中華市場,
2016-11-19,旗山第一,
2016-11-19,鳳山第一,
2016-11-19,岡山文賢,
2016-11-19,大寮大發,
2016-11-19,橋頭市場,
2016-11-20,國民市場,
2016-11-20,鹽埕示範,
2016-11-20,新興第二,
2016-11-20,三民第二,
2016-11-20,左營第四,
2016-11-20,鼓山第三,
2016-11-20,楠梓市場,
2016-11-20,三民第一,
2016-11-20,苓雅市場,
2016-11-20,中華市場,
2016-11-20,旗山第一,
2016-11-20,鳳山第一,
2016-11-20,岡山文賢,
2016-11-20,大寮大發,
2016-11-20,橋頭市場,
2016-11-21,國民市場,
2016-11-21,鹽埕示範,166.0
2016-11-21,新興第二,167.0
2016-11-21,三民第二,166.0
2016-11-21,左營第四,150.0
2016-11-21,鼓山第三,166.0
2016-11-21,楠梓市場,150.0
2016-11-21,三民第一,167.0
2016-11-21,苓雅市場,167.0
2016-11-21,中華市場,200.0
2016-11-21,旗山第一,
2016-11-21,鳳山第一,0.0
2016-11-21,岡山文賢,183.0
2016-11-21,大寮大發,160.0
2016-11-21,橋頭市場,150.0
2016-11-22,國民市場,150.0
2016-11-22,鹽埕示範,
2016-11-22,新興第二,167.0
2016-11-22,三民第二,
2016-11-22,左營第四,150.0
2016-11-22,鼓山第三,166.0
2016-11-22,楠梓市場,150.0
2016-11-22,三民第一,167.0
2016-11-22,苓雅市場,167.0
2016-11-22,中華市場,200.0
2016-11-22,旗山第一,160.0
2016-11-22,鳳山第一,0.0
2016-11-22,岡山文賢,183.0
2016-11-22,大寮大發,160.0
2016-11-22,橋頭市場,150.0
2016-11-23,國民市場,150.0
2016-11-23,鹽埕示範,166.0
2016-11-23,新興第二,167.0
2016-11-23,三民第二,166.0
2016-11-23,左營第四,150.0
2016-11-23,鼓山第三,166.0
2016-11-23,楠梓市場,150.0
2016-11-23,三民第一,167.0
2016-11-23,苓雅市場,167.0
2016-11-23,中華市場,200.0
2016-11-23,旗山第一,160.0
2016-11-23,鳳山第一,0.0
2016-11-23,岡山文賢,183.0
2016-11-23,大寮大發,160.0
2016-11-23,橋頭市場,150.0
2016-11-24,國民市場,150.0
2016-11-24,鹽埕示範,166.0
2016-11-24,新興第二,167.0
2016-11-24,三民第二,166.0
2016-11-24,左營第四,150.0
2016-11-24,鼓山第三,166.0
2016-11-24,楠梓市場,150.0
2016-11-24,三民第一,167.0
2016-11-24,苓雅市場,167.0
2016-11-24,中華市場,
2016-11-24,旗山第一,160.0
2016-11-24,鳳山第一,0.0
2016-11-24,岡山文賢,183.0
2016-11-24,大寮大發,160.0
2016-11-24,橋頭市場,150.0
2016-11-25,國民市場,150.0
2016-11-25,鹽埕示範,166.0
2016-11-25,新興第二,167.0
2016-11-25,三民第二,166.0
2016-11-25,左營第四,150.0
2016-11-25,鼓山第三,166.0
2016-11-25,楠梓市場,150.0
2016-11-25,三民第一,167.0
2016-11-25,苓雅市場,167.0
2016-11-25,中華市場,200.0
2016-11-25,旗山第一,160.0
2016-11-25,鳳山第一,0.0
2016-11-25,岡山文賢,183.0
2016-11-25,大寮大發,160.0
2016-11-25,橋頭市場,150.0
2016-11-26,國民市場,
2016-11-26,鹽埕示範,
2016-11-26,新興第二,
2016-11-26,三民第二,
2016-11-26,左營第四,
2016-11-26,鼓山第三,
2016-11-26,楠梓市場,
2016-11-26,三民第一,
2016-11-26,苓雅市場,
2016-11-26,中華市場,
2016-11-26,旗山第一,
2016-11-26,鳳山第一,
2016-11-26,岡山文賢,
2016-11-26,大寮大發,
2016-11-26,橋頭市場,
2016-11-27,國民市場,
2016-11-27,鹽埕示範,
2016-11-27,新興第二,
2016-11-27,三民第二,
2016-11-27,左營第四,
2016-11-27,鼓山第三,
2016-11-27,楠梓市場,
2016-11-27,三民第一,
2016-11-27,苓雅市場,
2016-11-27,中華市場,
2016-11-27,旗山第一,
2016-11-27,鳳山第一,
2016-11-27,岡山文賢,
2016-11-27,大寮大發,
2016-11-27,橋頭市場,
2016-11-28,國民市場,
2016-11-28,鹽埕示範,166.0
2016-11-28,新興第二,167.0
2016-11-28,三民第二,166.0
2016-11-28,左營第四,150.0
2016-11-28,鼓山第三,166.0
2016-11-28,楠梓市場,150.0
2016-11-28,三民第一,167.0
2016-11-28,苓雅市場,
2016-11-28,中華市場,200.0
2016-11-28,旗山第一,
2016-11-28,鳳山第一,0.0
2016-11-28,岡山文賢,148.0
2016-11-28,大寮大發,160.0
2016-11-28,橋頭市場,150.0
2016-11-29,國民市場,166.0
2016-11-29,鹽埕示範,166.0
2016-11-29,新興第二,167.0
2016-11-29,三民第二,166.0
2016-11-29,左營第四,150.0
2016-11-29,鼓山第三,166.0
2016-11-29,楠梓市場,150.0
2016-11-29,三民第一,167.0
2016-11-29,苓雅市場,167.0
2016-11-29,中華市場,200.0
2016-11-29,旗山第一,160.0
2016-11-29,鳳山第一,0.0
2016-11-29,岡山文賢,148.0
2016-11-29,大寮大發,160.0
2016-11-29,橋頭市場,150.0
2016-11-30,國民市場,166.0
2016-11-30,鹽埕示範,166.0
2016-11-30,新興第二,167.0
2016-11-30,三民第二,166.0
2016-11-30,左營第四,150.0
2016-11-30,鼓山第三,166.0
2016-11-30,楠梓市場,
2016-11-30,三民第一,167.0
2016-11-30,苓雅市場,167.0
2016-11-30,中華市場,200.0
2016-11-30,旗山第一,160.0
2016-11-30,鳳山第一,0.0
2016-11-30,岡山文賢,148.0
2016-11-30,大寮大發,
2016-11-30,橋頭市場,150.0
2016-12-01,國民市場,166.0
2016-12-01,鹽埕示範,166.0
2016-12-01,新興第二,167.0
2016-12-01,三民第二,
2016-12-01,左營第四,150.0
2016-12-01,鼓山第三,166.0
2016-12-01,楠梓市場,150.0
2016-12-01,三民第一,167.0
2016-12-01,苓雅市場,167.0
2016-12-01,中華市場,200.0
2016-12-01,旗山第一,160.0
2016-12-01,鳳山第一,0.0
2016-12-01,岡山文賢,148.0
2016-12-01,大寮大發,160.0
2016-12-01,橋頭市場,150.0
2016-12-02,國民市場,166.0
2016-12-02,鹽埕示範,166.0
2016-12-02,新興第二,167.0
2016-12-02,三民第二,183.0
2016-12-02,左營第四,150.0
2016-12-02,鼓山第三,166.0
2016-12-02,楠梓市場,150.0
2016-12-02,三民第一,200.0
2016-12-02,苓雅市場,167.0
2016-12-02,中華市場,200.0
2016-12-02,旗山第一,160.0
2016-12-02,鳳山第一,0.0
2016-12-02,岡山文賢,148.0
2016-12-02,大寮大發,160.0
2016-12-02,橋頭市場,150.0
2016-12-03,國民市場,
2016-12-03,鹽埕示範,
2016-12-03,新興第二,
2016-12-03,三民第二,
2016-12-03,左營第四,
2016-12-03,鼓山第三,
2016-12-03,楠梓市場,
2016-12-03,三民第一,
2016-12-03,苓雅市場,
2016-12-03,中華市場,
2016-12-03,旗山第一,
2016-12-03,鳳山第一,
2016-12-03,岡山文賢,
2016-12-03,大寮大發,
2016-12-03,橋頭市場,
2016-12-04,國民市場,
2016-12-04,鹽埕示範,
2016-12-04,新興第二,
2016-12-04,三民第二,
2016-12-04,左營第四,
2016-12-04,鼓山第三,
2016-12-04,楠梓市場,
2016-12-04,三民第一,
2016-12-04,苓雅市場,
2016-12-04,中華市場,
2016-12-04,旗山第一,
2016-12-04,鳳山第一,
2016-12-04,岡山文賢,
2016-12-04,大寮大發,
2016-12-04,橋頭市場,
2016-12-05,國民市場,166.0
2016-12-05,鹽埕示範,166.0
2016-12-05,新興第二,183.0
2016-12-05,三民第二,183.0
2016-12-05,左營第四,150.0
2016-12-05,鼓山第三,166.0
2016-12-05,楠梓市場,150.0
2016-12-05,三民第一,200.0
2016-12-05,苓雅市場,167.0
2016-12-05,中華市場,200.0
2016-12-05,旗山第一,
2016-12-05,鳳山第一,0.0
2016-12-05,岡山文賢,183.0
2016-12-05,大寮大發,160.0
2016-12-05,橋頭市場,150.0
2016-12-06,國民市場,166.0
2016-12-06,鹽埕示範,
2016-12-06,新興第二,183.0
2016-12-06,三民第二,
2016-12-06,左營第四,150.0
2016-12-06,鼓山第三,166.0
2016-12-06,楠梓市場,150.0
2016-12-06,三民第一,200.0
2016-12-06,苓雅市場,167.0
2016-12-06,中華市場,200.0
2016-12-06,旗山第一,160.0
2016-12-06,鳳山第一,0.0
2016-12-06,岡山文賢,183.0
2016-12-06,大寮大發,160.0
2016-12-06,橋頭市場,150.0
2016-12-07,國民市場,166.0
2016-12-07,鹽埕示範,166.0
2016-12-07,新興第二,183.0
2016-12-07,三民第二,183.0
2016-12-07,左營第四,150.0
2016-12-07,鼓山第三,
2016-12-07,楠梓市場,
2016-12-07,三民第一,200.0
2016-12-07,苓雅市場,167.0
2016-12-07,中華市場,
2016-12-07,旗山第一,160.0
2016-12-07,鳳山第一,0.0
2016-12-07,岡山文賢,183.0
2016-12-07,大寮大發,160.0
2016-12-07,橋頭市場,150.0
2016-12-08,國民市場,166.0
2016-12-08,鹽埕示範,166.0
2016-12-08,新興第二,183.0
2016-12-08,三民第二,183.0
2016-12-08,左營第四,150.0
2016-12-08,鼓山第三,
2016-12-08,楠梓市場,
2016-12-08,三民第一,200.0
2016-12-08,苓雅市場,167.0
2016-12-08,中華市場,
2016-12-08,旗山第一,160.0
2016-12-08,鳳山第一,0.0
2016-12-08,岡山文賢,183.0
2016-12-08,大寮大發,160.0
2016-12-08,橋頭市場,150.0
2016-12-09,國民市場,
2016-12-09,鹽埕示範,166.0
2016-12-09,新興第二,183.0
2016-12-09,三民第二,200.0
2016-12-09,左營第四,150.0
2016-12-09,鼓山第三,
2016-12-09,楠梓市場,
2016-12-09,三民第一,200.0
2016-12-09,苓雅市場,
2016-12-09,中華市場,
2016-12-09,旗山第一,160.0
2016-12-09,鳳山第一,0.0
2016-12-09,岡山文賢,183.0
2016-12-09,大寮大發,160.0
2016-12-09,橋頭市場,150.0
2016-12-10,國民市場,
2016-12-10,鹽埕示範,
2016-12-10,新興第二,
2016-12-10,三民第二,
2016-12-10,左營第四,
2016-12-10,鼓山第三,
2016-12-10,楠梓市場,
2016-12-10,三民第一,
2016-12-10,苓雅市場,
2016-12-10,中華市場,
2016-12-10,旗山第一,
2016-12-10,鳳山第一,
2016-12-10,岡山文賢,
2016-12-10,大寮大發,
2016-12-10,橋頭市場,
2016-12-11,國民市場,
2016-12-11,鹽埕示範,
2016-12-11,新興第二,
2016-12-11,三民第二,
2016-12-11,左營第四,
2016-12-11,鼓山第三,
2016-12-11,楠梓市場,
2016-12-11,三民第一,
2016-12-11,苓雅市場,
2016-12-11,中華市場,
2016-12-11,旗山第一,
2016-12-11,鳳山第一,
2016-12-11,岡山文賢,
2016-12-11,大寮大發,
2016-12-11,橋頭市場,
2016-12-12,國民市場,166.0
2016-12-12,鹽埕示範,166.0
2016-12-12,新興第二,183.0
2016-12-12,三民第二,200.0
2016-12-12,左營第四,150.0
2016-12-12,鼓山第三,166.0
2016-12-12,楠梓市場,150.0
2016-12-12,三民第一,200.0
2016-12-12,苓雅市場,167.0
2016-12-12,中華市場,200.0
2016-12-12,旗山第一,
2016-12-12,鳳山第一,0.0
2016-12-12,岡山文賢,158.0
2016-12-12,大寮大發,152.0
2016-12-12,橋頭市場,150.0
2016-12-13,國民市場,166.0
2016-12-13,鹽埕示範,166.0
2016-12-13,新興第二,183.0
2016-12-13,三民第二,200.0
2016-12-13,左營第四,150.0
2016-12-13,鼓山第三,166.0
2016-12-13,楠梓市場,150.0
2016-12-13,三民第一,200.0
2016-12-13,苓雅市場,167.0
2016-12-13,中華市場,200.0
2016-12-13,旗山第一,160.0
2016-12-13,鳳山第一,0.0
2016-12-13,岡山文賢,158.0
2016-12-13,大寮大發,
2016-12-13,橋頭市場,150.0
2016-12-14,國民市場,166.0
2016-12-14,鹽埕示範,166.0
2016-12-14,新興第二,183.0
2016-12-14,三民第二,200.0
2016-12-14,左營第四,150.0
2016-12-14,鼓山第三,166.0
2016-12-14,楠梓市場,150.0
2016-12-14,三民第一,200.0
2016-12-14,苓雅市場,167.0
2016-12-14,中華市場,200.0
2016-12-14,旗山第一,160.0
2016-12-14,鳳山第一,0.0
2016-12-14,岡山文賢,158.0
2016-12-14,大寮大發,156.0
2016-12-14,橋頭市場,150.0
2016-12-15,國民市場,
2016-12-15,鹽埕示範,
2016-12-15,新興第二,
2016-12-15,三民第二,
2016-12-15,左營第四,
2016-12-15,鼓山第三,
2016-12-15,楠梓市場,150.0
2016-12-15,三民第一,
2016-12-15,苓雅市場,
2016-12-15,中華市場,
2016-12-15,旗山第一,160.0
2016-12-15,鳳山第一,
2016-12-15,岡山文賢,158.0
2016-12-15,大寮大發,
2016-12-15,橋頭市場,150.0
2016-12-16,國民市場,166.0
2016-12-16,鹽埕示範,166.0
2016-12-16,新興第二,183.0
2016-12-16,三民第二,200.0
2016-12-16,左營第四,150.0
2016-12-16,鼓山第三,166.0
2016-12-16,楠梓市場,150.0
2016-12-16,三民第一,200.0
2016-12-16,苓雅市場,167.0
2016-12-16,中華市場,200.0
2016-12-16,旗山第一,160.0
2016-12-16,鳳山第一,0.0
2016-12-16,岡山文賢,158.0
2016-12-16,大寮大發,156.0
2016-12-16,橋頭市場,150.0
2016-12-17,國民市場,
2016-12-17,鹽埕示範,
2016-12-17,新興第二,
2016-12-17,三民第二,
2016-12-17,左營第四,
2016-12-17,鼓山第三,
2016-12-17,楠梓市場,
2016-12-17,三民第一,
2016-12-17,苓雅市場,
2016-12-17,中華市場,
2016-12-17,旗山第一,
2016-12-17,鳳山第一,
2016-12-17,岡山文賢,
2016-12-17,大寮大發,
2016-12-17,橋頭市場,
2016-12-18,國民市場,
2016-12-18,鹽埕示範,
2016-12-18,新興第二,
2016-12-18,三民第二,
2016-12-18,左營第四,
2016-12-18,鼓山第三,
2016-12-18,楠梓市場,
2016-12-18,三民第一,
2016-12-18,苓雅市場,
2016-12-18,中華市場,
2016-12-18,旗山第一,
2016-12-18,鳳山第一,
2016-12-18,岡山文賢,
2016-12-18,大寮大發,
2016-12-18,橋頭市場,
2016-12-19,國民市場,
2016-12-19,鹽埕示範,
2016-12-19,新興第二,183.0
2016-12-19,三民第二,
2016-12-19,左營第四,150.0
2016-12-19,鼓山第三,166.0
2016-12-19,楠梓市場,150.0
2016-12-19,三民第一,200.0
2016-12-19,苓雅市場,200.0
2016-12-19,中華市場,200.0
2016-12-19,旗山第一,
2016-12-19,鳳山第一,0.0
2016-12-19,岡山文賢,158.0
2016-12-19,大寮大發,156.0
2016-12-19,橋頭市場,150.0
2016-12-20,國民市場,166.0
2016-12-20,鹽埕示範,166.0
2016-12-20,新興第二,183.0
2016-12-20,三民第二,200.0
2016-12-20,左營第四,150.0
2016-12-20,鼓山第三,166.0
2016-12-20,楠梓市場,150.0
2016-12-20,三民第一,200.0
2016-12-20,苓雅市場,200.0
2016-12-20,中華市場,
2016-12-20,旗山第一,160.0
2016-12-20,鳳山第一,0.0
2016-12-20,岡山文賢,158.0
2016-12-20,大寮大發,160.0
2016-12-20,橋頭市場,150.0
2016-12-21,國民市場,166.0
2016-12-21,鹽埕示範,166.0
2016-12-21,新興第二,183.0
2016-12-21,三民第二,
2016-12-21,左營第四,150.0
2016-12-21,鼓山第三,166.0
2016-12-21,楠梓市場,200.0
2016-12-21,三民第一,200.0
2016-12-21,苓雅市場,200.0
2016-12-21,中華市場,200.0
2016-12-21,旗山第一,160.0
2016-12-21,鳳山第一,0.0
2016-12-21,岡山文賢,158.0
2016-12-21,大寮大發,160.0
2016-12-21,橋頭市場,150.0
2016-12-22,國民市場,
2016-12-22,鹽埕示範,166.0
2016-12-22,新興第二,183.0
2016-12-22,三民第二,200.0
2016-12-22,左營第四,150.0
2016-12-22,鼓山第三,166.0
2016-12-22,楠梓市場,200.0
2016-12-22,三民第一,200.0
2016-12-22,苓雅市場,
2016-12-22,中華市場,200.0
2016-12-22,旗山第一,160.0
2016-12-22,鳳山第一,0.0
2016-12-22,岡山文賢,158.0
2016-12-22,大寮大發,156.0
2016-12-22,橋頭市場,150.0
2016-12-23,國民市場,166.0
2016-12-23,鹽埕示範,166.0
2016-12-23,新興第二,183.0
2016-12-23,三民第二,200.0
2016-12-23,左營第四,150.0
2016-12-23,鼓山第三,166.0
2016-12-23,楠梓市場,200.0
2016-12-23,三民第一,200.0
2016-12-23,苓雅市場,200.0
2016-12-23,中華市場,200.0
2016-12-23,旗山第一,160.0
2016-12-23,鳳山第一,0.0
2016-12-23,岡山文賢,158.0
2016-12-23,大寮大發,156.0
2016-12-23,橋頭市場,150.0
2016-12-24,國民市場,
2016-12-24,鹽埕示範,
2016-12-24,新興第二,
2016-12-24,三民第二,
2016-12-24,左營第四,
2016-12-24,鼓山第三,
2016-12-24,楠梓市場,
2016-12-24,三民第一,
2016-12-24,苓雅市場,
2016-12-24,中華市場,
2016-12-24,旗山第一,
2016-12-24,鳳山第一,
2016-12-24,岡山文賢,
2016-12-24,大寮大發,
2016-12-24,橋頭市場,
2016-12-25,國民市場,
2016-12-25,鹽埕示範,
2016-12-25,新興第二,
2016-12-25,三民第二,
2016-12-25,左營第四,
2016-12-25,鼓山第三,
2016-12-25,楠梓市場,
2016-12-25,三民第一,
2016-12-25,苓雅市場,
2016-12-25,中華市場,
2016-12-25,旗山第一,
2016-12-25,鳳山第一,
2016-12-25,岡山文賢,
2016-12-25,大寮大發,
2016-12-25,橋頭市場,
2016-12-26,國民市場,
2016-12-26,鹽埕示範,
2016-12-26,新興第二,
2016-12-26,三民第二,
2016-12-26,左營第四,
2016-12-26,鼓山第三,
2016-12-26,楠梓市場,200.0
2016-12-26,三民第一,
2016-12-26,苓雅市場,
2016-12-26,中華市場,
2016-12-26,旗山第一,
2016-12-26,鳳山第一,0.0
2016-12-26,岡山文賢,
2016-12-26,大寮大發,
2016-12-26,橋頭市場,
2016-12-27,國民市場,166.0
2016-12-27,鹽埕示範,166.0
2016-12-27,新興第二,183.0
2016-12-27,三民第二,200.0
2016-12-27,左營第四,150.0
2016-12-27,鼓山第三,166.0
2016-12-27,楠梓市場,
2016-12-27,三民第一,200.0
2016-12-27,苓雅市場,200.0
2016-12-27,中華市場,200.0
2016-12-27,旗山第一,160.0
2016-12-27,鳳山第一,0.0
2016-12-27,岡山文賢,158.0
2016-12-27,大寮大發,
2016-12-27,橋頭市場,150.0
2016-12-28,國民市場,166.0
2016-12-28,鹽埕示範,166.0
2016-12-28,新興第二,183.0
2016-12-28,三民第二,200.0
2016-12-28,左營第四,150.0
2016-12-28,鼓山第三,166.0
2016-12-28,楠梓市場,200.0
2016-12-28,三民第一,200.0
2016-12-28,苓雅市場,200.0
2016-12-28,中華市場,200.0
2016-12-28,旗山第一,160.0
2016-12-28,鳳山第一,0.0
2016-12-28,岡山文賢,158.0
2016-12-28,大寮大發,156.0
2016-12-28,橋頭市場,150.0
2016-12-29,國民市場,166.0
2016-12-29,鹽埕示範,166.0
2016-12-29,新興第二,183.0
2016-12-29,三民第二,
2016-12-29,左營第四,150.0
2016-12-29,鼓山第三,166.0
2016-12-29,楠梓市場,200.0
2016-12-29,三民第一,200.0
2016-12-29,苓雅市場,200.0
2016-12-29,中華市場,200.0
2016-12-29,旗山第一,160.0
2016-12-29,鳳山第一,0.0
2016-12-29,岡山文賢,158.0
2016-12-29,大寮大發,
2016-12-29,橋頭市場,150.0
2016-12-30,國民市場,
2016-12-30,鹽埕示範,166.0
2016-12-30,新興第二,
2016-12-30,三民第二,
2016-12-30,左營第四,
2016-12-30,鼓山第三,
2016-12-30,楠梓市場,200.0
2016-12-30,三民第一,
2016-12-30,苓雅市場,
2016-12-30,中華市場,
2016-12-30,旗山第一,160.0
2016-12-30,鳳山第一,0.0
2016-12-30,岡山文賢,158.0
2016-12-30,大寮大發,
2016-12-30,橋頭市場,150.0
2016-12-31,國民市場,
2016-12-31,鹽埕示範,
2016-12-31,新興第二,
2016-12-31,三民第二,
2016-12-31,左營第四,
2016-12-31,鼓山第三,
2016-12-31,楠梓市場,200.0
2016-12-31,三民第一,
2016-12-31,苓雅市場,
2016-12-31,中華市場,
2016-12-31,旗山第一,
2016-12-31,鳳山第一,
2016-12-31,岡山文賢,
2016-12-31,大寮大發,
2016-12-31,橋頭市場,
2013-01-01,國民市場,150.0
2013-01-01,鹽埕示範,150.0
2013-01-01,新興第二,133.0
2013-01-01,三民第二,166.0
2013-01-01,左營第四,133.0
2013-01-01,鼓山第三,150.0
2013-01-01,楠梓市場,125.0
2013-01-01,三民第一,150.0
2013-01-01,苓雅市場,150.0
2013-01-01,中華市場,150.0
2013-01-01,旗山第一,110.0
2013-01-01,鳳山第一,0.0
2013-01-01,岡山文賢,150.0
2013-01-01,大寮大發,150.0
2013-01-01,橋頭市場,
2013-01-02,國民市場,150.0
2013-01-02,鹽埕示範,150.0
2013-01-02,新興第二,133.0
2013-01-02,三民第二,166.0
2013-01-02,左營第四,133.0
2013-01-02,鼓山第三,150.0
2013-01-02,楠梓市場,125.0
2013-01-02,三民第一,150.0
2013-01-02,苓雅市場,150.0
2013-01-02,中華市場,150.0
2013-01-02,旗山第一,110.0
2013-01-02,鳳山第一,0.0
2013-01-02,岡山文賢,150.0
2013-01-02,大寮大發,150.0
2013-01-02,橋頭市場,150.0
2013-01-03,國民市場,150.0
2013-01-03,鹽埕示範,150.0
2013-01-03,新興第二,133.0
2013-01-03,三民第二,150.0
2013-01-03,左營第四,133.0
2013-01-03,鼓山第三,150.0
2013-01-03,楠梓市場,125.0
2013-01-03,三民第一,150.0
2013-01-03,苓雅市場,150.0
2013-01-03,中華市場,150.0
2013-01-03,旗山第一,110.0
2013-01-03,鳳山第一,0.0
2013-01-03,岡山文賢,150.0
2013-01-03,大寮大發,140.0
2013-01-03,橋頭市場,150.0
2013-01-04,國民市場,150.0
2013-01-04,鹽埕示範,150.0
2013-01-04,新興第二,133.0
2013-01-04,三民第二,150.0
2013-01-04,左營第四,133.0
2013-01-04,鼓山第三,150.0
2013-01-04,楠梓市場,125.0
2013-01-04,三民第一,150.0
2013-01-04,苓雅市場,150.0
2013-01-04,中華市場,150.0
2013-01-04,旗山第一,110.0
2013-01-04,鳳山第一,0.0
2013-01-04,岡山文賢,150.0
2013-01-04,大寮大發,140.0
2013-01-04,橋頭市場,150.0
2013-01-05,國民市場,166.0
2013-01-05,鹽埕示範,150.0
2013-01-05,新興第二,133.0
2013-01-05,三民第二,150.0
2013-01-05,左營第四,133.0
2013-01-05,鼓山第三,150.0
2013-01-05,楠梓市場,125.0
2013-01-05,三民第一,150.0
2013-01-05,苓雅市場,150.0
2013-01-05,中華市場,150.0
2013-01-05,旗山第一,110.0
2013-01-05,鳳山第一,0.0
2013-01-05,岡山文賢,150.0
2013-01-05,大寮大發,140.0
2013-01-05,橋頭市場,
2013-01-06,國民市場,150.0
2013-01-06,鹽埕示範,150.0
2013-01-06,新興第二,133.0
2013-01-06,三民第二,150.0
2013-01-06,左營第四,133.0
2013-01-06,鼓山第三,150.0
2013-01-06,楠梓市場,125.0
2013-01-06,三民第一,150.0
2013-01-06,苓雅市場,150.0
2013-01-06,中華市場,150.0
2013-01-06,旗山第一,110.0
2013-01-06,鳳山第一,0.0
2013-01-06,岡山文賢,150.0
2013-01-06,大寮大發,140.0
2013-01-06,橋頭市場,150.0
2013-01-07,國民市場,150.0
2013-01-07,鹽埕示範,150.0
2013-01-07,新興第二,133.0
2013-01-07,三民第二,150.0
2013-01-07,左營第四,133.0
2013-01-07,鼓山第三,150.0
2013-01-07,楠梓市場,125.0
2013-01-07,三民第一,150.0
2013-01-07,苓雅市場,150.0
2013-01-07,中華市場,150.0
2013-01-07,旗山第一,110.0
2013-01-07,鳳山第一,0.0
2013-01-07,岡山文賢,150.0
2013-01-07,大寮大發,140.0
2013-01-07,橋頭市場,150.0
2013-01-08,國民市場,150.0
2013-01-08,鹽埕示範,150.0
2013-01-08,新興第二,133.0
2013-01-08,三民第二,150.0
2013-01-08,左營第四,133.0
2013-01-08,鼓山第三,150.0
2013-01-08,楠梓市場,125.0
2013-01-08,三民第一,150.0
2013-01-08,苓雅市場,150.0
2013-01-08,中華市場,150.0
2013-01-08,旗山第一,110.0
2013-01-08,鳳山第一,0.0
2013-01-08,岡山文賢,150.0
2013-01-08,大寮大發,140.0
2013-01-08,橋頭市場,150.0
2013-01-09,國民市場,150.0
2013-01-09,鹽埕示範,150.0
2013-01-09,新興第二,133.0
2013-01-09,三民第二,150.0
2013-01-09,左營第四,133.0
2013-01-09,鼓山第三,150.0
2013-01-09,楠梓市場,125.0
2013-01-09,三民第一,150.0
2013-01-09,苓雅市場,150.0
2013-01-09,中華市場,150.0
2013-01-09,旗山第一,110.0
2013-01-09,鳳山第一,0.0
2013-01-09,岡山文賢,150.0
2013-01-09,大寮大發,150.0
2013-01-09,橋頭市場,150.0
2013-01-10,國民市場,150.0
2013-01-10,鹽埕示範,150.0
2013-01-10,新興第二,133.0
2013-01-10,三民第二,150.0
2013-01-10,左營第四,133.0
2013-01-10,鼓山第三,150.0
2013-01-10,楠梓市場,125.0
2013-01-10,三民第一,150.0
2013-01-10,苓雅市場,150.0
2013-01-10,中華市場,150.0
2013-01-10,旗山第一,110.0
2013-01-10,鳳山第一,0.0
2013-01-10,岡山文賢,150.0
2013-01-10,大寮大發,150.0
2013-01-10,橋頭市場,150.0
2013-01-11,國民市場,150.0
2013-01-11,鹽埕示範,150.0
2013-01-11,新興第二,133.0
2013-01-11,三民第二,150.0
2013-01-11,左營第四,133.0
2013-01-11,鼓山第三,150.0
2013-01-11,楠梓市場,125.0
2013-01-11,三民第一,150.0
2013-01-11,苓雅市場,150.0
2013-01-11,中華市場,150.0
2013-01-11,旗山第一,110.0
2013-01-11,鳳山第一,0.0
2013-01-11,岡山文賢,150.0
2013-01-11,大寮大發,150.0
2013-01-11,橋頭市場,150.0
2013-01-12,國民市場,150.0
2013-01-12,鹽埕示範,150.0
2013-01-12,新興第二,133.0
2013-01-12,三民第二,150.0
2013-01-12,左營第四,133.0
2013-01-12,鼓山第三,150.0
2013-01-12,楠梓市場,125.0
2013-01-12,三民第一,150.0
2013-01-12,苓雅市場,150.0
2013-01-12,中華市場,150.0
2013-01-12,旗山第一,110.0
2013-01-12,鳳山第一,0.0
2013-01-12,岡山文賢,150.0
2013-01-12,大寮大發,150.0
2013-01-12,橋頭市場,150.0
2013-01-13,國民市場,150.0
2013-01-13,鹽埕示範,150.0
2013-01-13,新興第二,133.0
2013-01-13,三民第二,150.0
2013-01-13,左營第四,133.0
2013-01-13,鼓山第三,150.0
2013-01-13,楠梓市場,125.0
2013-01-13,三民第一,150.0
2013-01-13,苓雅市場,150.0
2013-01-13,中華市場,150.0
2013-01-13,旗山第一,110.0
2013-01-13,鳳山第一,0.0
2013-01-13,岡山文賢,150.0
2013-01-13,大寮大發,150.0
2013-01-13,橋頭市場,150.0
2013-01-14,國民市場,150.0
2013-01-14,鹽埕示範,150.0
2013-01-14,新興第二,133.0
2013-01-14,三民第二,150.0
2013-01-14,左營第四,133.0
2013-01-14,鼓山第三,125.0
2013-01-14,楠梓市場,125.0
2013-01-14,三民第一,150.0
2013-01-14,苓雅市場,150.0
2013-01-14,中華市場,150.0
2013-01-14,旗山第一,110.0
2013-01-14,鳳山第一,0.0
2013-01-14,岡山文賢,150.0
2013-01-14,大寮大發,150.0
2013-01-14,橋頭市場,150.0
2013-01-15,國民市場,150.0
2013-01-15,鹽埕示範,150.0
2013-01-15,新興第二,133.0
2013-01-15,三民第二,150.0
2013-01-15,左營第四,133.0
2013-01-15,鼓山第三,125.0
2013-01-15,楠梓市場,125.0
2013-01-15,三民第一,150.0
2013-01-15,苓雅市場,150.0
2013-01-15,中華市場,150.0
2013-01-15,旗山第一,110.0
2013-01-15,鳳山第一,0.0
2013-01-15,岡山文賢,150.0
2013-01-15,大寮大發,150.0
2013-01-15,橋頭市場,150.0
2013-01-16,國民市場,150.0
2013-01-16,鹽埕示範,150.0
2013-01-16,新興第二,133.0
2013-01-16,三民第二,150.0
2013-01-16,左營第四,133.0
2013-01-16,鼓山第三,125.0
2013-01-16,楠梓市場,125.0
2013-01-16,三民第一,150.0
2013-01-16,苓雅市場,150.0
2013-01-16,中華市場,150.0
2013-01-16,旗山第一,110.0
2013-01-16,鳳山第一,0.0
2013-01-16,岡山文賢,150.0
2013-01-16,大寮大發,150.0
2013-01-16,橋頭市場,150.0
2013-01-17,國民市場,150.0
2013-01-17,鹽埕示範,150.0
2013-01-17,新興第二,133.0
2013-01-17,三民第二,150.0
2013-01-17,左營第四,133.0
2013-01-17,鼓山第三,125.0
2013-01-17,楠梓市場,125.0
2013-01-17,三民第一,150.0
2013-01-17,苓雅市場,150.0
2013-01-17,中華市場,150.0
2013-01-17,旗山第一,110.0
2013-01-17,鳳山第一,0.0
2013-01-17,岡山文賢,150.0
2013-01-17,大寮大發,150.0
2013-01-17,橋頭市場,150.0
2013-01-18,國民市場,150.0
2013-01-18,鹽埕示範,150.0
2013-01-18,新興第二,133.0
2013-01-18,三民第二,150.0
2013-01-18,左營第四,133.0
2013-01-18,鼓山第三,125.0
2013-01-18,楠梓市場,125.0
2013-01-18,三民第一,150.0
2013-01-18,苓雅市場,150.0
2013-01-18,中華市場,150.0
2013-01-18,旗山第一,110.0
2013-01-18,鳳山第一,0.0
2013-01-18,岡山文賢,150.0
2013-01-18,大寮大發,150.0
2013-01-18,橋頭市場,150.0
2013-01-19,國民市場,150.0
2013-01-19,鹽埕示範,150.0
2013-01-19,新興第二,133.0
2013-01-19,三民第二,150.0
2013-01-19,左營第四,133.0
2013-01-19,鼓山第三,125.0
2013-01-19,楠梓市場,125.0
2013-01-19,三民第一,150.0
2013-01-19,苓雅市場,150.0
2013-01-19,中華市場,150.0
2013-01-19,旗山第一,110.0
2013-01-19,鳳山第一,0.0
2013-01-19,岡山文賢,150.0
2013-01-19,大寮大發,150.0
2013-01-19,橋頭市場,150.0
2013-01-20,國民市場,150.0
2013-01-20,鹽埕示範,150.0
2013-01-20,新興第二,133.0
2013-01-20,三民第二,150.0
2013-01-20,左營第四,133.0
2013-01-20,鼓山第三,125.0
2013-01-20,楠梓市場,125.0
2013-01-20,三民第一,150.0
2013-01-20,苓雅市場,150.0
2013-01-20,中華市場,150.0
2013-01-20,旗山第一,133.0
2013-01-20,鳳山第一,0.0
2013-01-20,岡山文賢,150.0
2013-01-20,大寮大發,150.0
2013-01-20,橋頭市場,150.0
2013-01-21,國民市場,150.0
2013-01-21,鹽埕示範,150.0
2013-01-21,新興第二,133.0
2013-01-21,三民第二,166.0
2013-01-21,左營第四,133.0
2013-01-21,鼓山第三,125.0
2013-01-21,楠梓市場,125.0
2013-01-21,三民第一,150.0
2013-01-21,苓雅市場,150.0
2013-01-21,中華市場,150.0
2013-01-21,旗山第一,133.0
2013-01-21,鳳山第一,0.0
2013-01-21,岡山文賢,132.0
2013-01-21,大寮大發,150.0
2013-01-21,橋頭市場,150.0
2013-01-22,國民市場,150.0
2013-01-22,鹽埕示範,150.0
2013-01-22,新興第二,133.0
2013-01-22,三民第二,166.0
2013-01-22,左營第四,133.0
2013-01-22,鼓山第三,125.0
2013-01-22,楠梓市場,125.0
2013-01-22,三民第一,150.0
2013-01-22,苓雅市場,150.0
2013-01-22,中華市場,150.0
2013-01-22,旗山第一,133.0
2013-01-22,鳳山第一,0.0
2013-01-22,岡山文賢,132.0
2013-01-22,大寮大發,135.0
2013-01-22,橋頭市場,150.0
2013-01-23,國民市場,150.0
2013-01-23,鹽埕示範,133.0
2013-01-23,新興第二,133.0
2013-01-23,三民第二,166.0
2013-01-23,左營第四,133.0
2013-01-23,鼓山第三,125.0
2013-01-23,楠梓市場,133.0
2013-01-23,三民第一,150.0
2013-01-23,苓雅市場,150.0
2013-01-23,中華市場,150.0
2013-01-23,旗山第一,133.0
2013-01-23,鳳山第一,0.0
2013-01-23,岡山文賢,132.0
2013-01-23,大寮大發,135.0
2013-01-23,橋頭市場,150.0
2013-01-24,國民市場,150.0
2013-01-24,鹽埕示範,133.0
2013-01-24,新興第二,133.0
2013-01-24,三民第二,150.0
2013-01-24,左營第四,133.0
2013-01-24,鼓山第三,125.0
2013-01-24,楠梓市場,133.0
2013-01-24,三民第一,150.0
2013-01-24,苓雅市場,150.0
2013-01-24,中華市場,150.0
2013-01-24,旗山第一,150.0
2013-01-24,鳳山第一,0.0
2013-01-24,岡山文賢,132.0
2013-01-24,大寮大發,133.0
2013-01-24,橋頭市場,150.0
2013-01-25,國民市場,150.0
2013-01-25,鹽埕示範,133.0
2013-01-25,新興第二,133.0
2013-01-25,三民第二,150.0
2013-01-25,左營第四,133.0
2013-01-25,鼓山第三,125.0
2013-01-25,楠梓市場,133.0
2013-01-25,三民第一,150.0
2013-01-25,苓雅市場,150.0
2013-01-25,中華市場,150.0
2013-01-25,旗山第一,142.0
2013-01-25,鳳山第一,0.0
2013-01-25,岡山文賢,132.0
2013-01-25,大寮大發,133.0
2013-01-25,橋頭市場,150.0
2013-01-26,國民市場,150.0
2013-01-26,鹽埕示範,133.0
2013-01-26,新興第二,133.0
2013-01-26,三民第二,150.0
2013-01-26,左營第四,133.0
2013-01-26,鼓山第三,125.0
2013-01-26,楠梓市場,133.0
2013-01-26,三民第一,150.0
2013-01-26,苓雅市場,150.0
2013-01-26,中華市場,150.0
2013-01-26,旗山第一,142.0
2013-01-26,鳳山第一,0.0
2013-01-26,岡山文賢,132.0
2013-01-26,大寮大發,133.0
2013-01-26,橋頭市場,150.0
2013-01-27,國民市場,150.0
2013-01-27,鹽埕示範,133.0
2013-01-27,新興第二,133.0
2013-01-27,三民第二,150.0
2013-01-27,左營第四,133.0
2013-01-27,鼓山第三,125.0
2013-01-27,楠梓市場,133.0
2013-01-27,三民第一,150.0
2013-01-27,苓雅市場,150.0
2013-01-27,中華市場,150.0
2013-01-27,旗山第一,142.0
2013-01-27,鳳山第一,0.0
2013-01-27,岡山文賢,132.0
2013-01-27,大寮大發,0.0
2013-01-27,橋頭市場,150.0
2013-01-28,國民市場,
2013-01-28,鹽埕示範,
2013-01-28,新興第二,
2013-01-28,三民第二,
2013-01-28,左營第四,
2013-01-28,鼓山第三,
2013-01-28,楠梓市場,
2013-01-28,三民第一,
2013-01-28,苓雅市場,150.0
2013-01-28,中華市場,150.0
2013-01-28,旗山第一,142.0
2013-01-28,鳳山第一,
2013-01-28,岡山文賢,132.0
2013-01-28,大寮大發,
2013-01-28,橋頭市場,
2013-01-29,國民市場,150.0
2013-01-29,鹽埕示範,133.0
2013-01-29,新興第二,133.0
2013-01-29,三民第二,133.0
2013-01-29,左營第四,133.0
2013-01-29,鼓山第三,125.0
2013-01-29,楠梓市場,133.0
2013-01-29,三民第一,150.0
2013-01-29,苓雅市場,150.0
2013-01-29,中華市場,150.0
2013-01-29,旗山第一,142.0
2013-01-29,鳳山第一,0.0
2013-01-29,岡山文賢,133.0
2013-01-29,大寮大發,0.0
2013-01-29,橋頭市場,150.0
2013-01-30,國民市場,150.0
2013-01-30,鹽埕示範,133.0
2013-01-30,新興第二,133.0
2013-01-30,三民第二,133.0
2013-01-30,左營第四,133.0
2013-01-30,鼓山第三,125.0
2013-01-30,楠梓市場,150.0
2013-01-30,三民第一,150.0
2013-01-30,苓雅市場,150.0
2013-01-30,中華市場,150.0
2013-01-30,旗山第一,133.0
2013-01-30,鳳山第一,0.0
2013-01-30,岡山文賢,133.0
2013-01-30,大寮大發,0.0
2013-01-30,橋頭市場,150.0
2013-01-31,國民市場,150.0
2013-01-31,鹽埕示範,133.0
2013-01-31,新興第二,133.0
2013-01-31,三民第二,133.0
2013-01-31,左營第四,133.0
2013-01-31,鼓山第三,150.0
2013-01-31,楠梓市場,150.0
2013-01-31,三民第一,150.0
2013-01-31,苓雅市場,150.0
2013-01-31,中華市場,150.0
2013-01-31,旗山第一,133.0
2013-01-31,鳳山第一,0.0
2013-01-31,岡山文賢,133.0
2013-01-31,大寮大發,0.0
2013-01-31,橋頭市場,150.0
2013-02-01,國民市場,150.0
2013-02-01,鹽埕示範,133.0
2013-02-01,新興第二,133.0
2013-02-01,三民第二,150.0
2013-02-01,左營第四,133.0
2013-02-01,鼓山第三,150.0
2013-02-01,楠梓市場,150.0
2013-02-01,三民第一,150.0
2013-02-01,苓雅市場,150.0
2013-02-01,中華市場,150.0
2013-02-01,旗山第一,133.0
2013-02-01,鳳山第一,0.0
2013-02-01,岡山文賢,133.0
2013-02-01,大寮大發,0.0
2013-02-01,橋頭市場,150.0
2013-02-02,國民市場,150.0
2013-02-02,鹽埕示範,133.0
2013-02-02,新興第二,133.0
2013-02-02,三民第二,150.0
2013-02-02,左營第四,133.0
2013-02-02,鼓山第三,150.0
2013-02-02,楠梓市場,150.0
2013-02-02,三民第一,150.0
2013-02-02,苓雅市場,150.0
2013-02-02,中華市場,150.0
2013-02-02,旗山第一,133.0
2013-02-02,鳳山第一,0.0
2013-02-02,岡山文賢,133.0
2013-02-02,大寮大發,0.0
2013-02-02,橋頭市場,108.0
2013-02-03,國民市場,150.0
2013-02-03,鹽埕示範,133.0
2013-02-03,新興第二,133.0
2013-02-03,三民第二,150.0
2013-02-03,左營第四,133.0
2013-02-03,鼓山第三,150.0
2013-02-03,楠梓市場,150.0
2013-02-03,三民第一,133.0
2013-02-03,苓雅市場,150.0
2013-02-03,中華市場,150.0
2013-02-03,旗山第一,133.0
2013-02-03,鳳山第一,0.0
2013-02-03,岡山文賢,133.0
2013-02-03,大寮大發,0.0
2013-02-03,橋頭市場,108.0
2013-02-04,國民市場,150.0
2013-02-04,鹽埕示範,133.0
2013-02-04,新興第二,133.0
2013-02-04,三民第二,150.0
2013-02-04,左營第四,133.0
2013-02-04,鼓山第三,150.0
2013-02-04,楠梓市場,150.0
2013-02-04,三民第一,150.0
2013-02-04,苓雅市場,150.0
2013-02-04,中華市場,150.0
2013-02-04,旗山第一,133.0
2013-02-04,鳳山第一,0.0
2013-02-04,岡山文賢,133.0
2013-02-04,大寮大發,0.0
2013-02-04,橋頭市場,108.0
2013-02-05,國民市場,150.0
2013-02-05,鹽埕示範,133.0
2013-02-05,新興第二,133.0
2013-02-05,三民第二,150.0
2013-02-05,左營第四,133.0
2013-02-05,鼓山第三,150.0
2013-02-05,楠梓市場,150.0
2013-02-05,三民第一,150.0
2013-02-05,苓雅市場,150.0
2013-02-05,中華市場,150.0
2013-02-05,旗山第一,133.0
2013-02-05,鳳山第一,0.0
2013-02-05,岡山文賢,133.0
2013-02-05,大寮大發,0.0
2013-02-05,橋頭市場,150.0
2013-02-06,國民市場,150.0
2013-02-06,鹽埕示範,133.0
2013-02-06,新興第二,133.0
2013-02-06,三民第二,133.0
2013-02-06,左營第四,133.0
2013-02-06,鼓山第三,150.0
2013-02-06,楠梓市場,150.0
2013-02-06,三民第一,150.0
2013-02-06,苓雅市場,150.0
2013-02-06,中華市場,150.0
2013-02-06,旗山第一,133.0
2013-02-06,鳳山第一,0.0
2013-02-06,岡山文賢,167.0
2013-02-06,大寮大發,0.0
2013-02-06,橋頭市場,150.0
2013-02-07,國民市場,150.0
2013-02-07,鹽埕示範,133.0
2013-02-07,新興第二,133.0
2013-02-07,三民第二,133.0
2013-02-07,左營第四,133.0
2013-02-07,鼓山第三,150.0
2013-02-07,楠梓市場,150.0
2013-02-07,三民第一,150.0
2013-02-07,苓雅市場,150.0
2013-02-07,中華市場,150.0
2013-02-07,旗山第一,133.0
2013-02-07,鳳山第一,0.0
2013-02-07,岡山文賢,
2013-02-07,大寮大發,0.0
2013-02-07,橋頭市場,150.0
2013-02-08,國民市場,150.0
2013-02-08,鹽埕示範,133.0
2013-02-08,新興第二,133.0
2013-02-08,三民第二,150.0
2013-02-08,左營第四,133.0
2013-02-08,鼓山第三,150.0
2013-02-08,楠梓市場,133.0
2013-02-08,三民第一,150.0
2013-02-08,苓雅市場,150.0
2013-02-08,中華市場,150.0
2013-02-08,旗山第一,133.0
2013-02-08,鳳山第一,0.0
2013-02-08,岡山文賢,167.0
2013-02-08,大寮大發,0.0
2013-02-08,橋頭市場,150.0
2013-02-09,國民市場,
2013-02-09,鹽埕示範,
2013-02-09,新興第二,
2013-02-09,三民第二,
2013-02-09,左營第四,
2013-02-09,鼓山第三,
2013-02-09,楠梓市場,
2013-02-09,三民第一,
2013-02-09,苓雅市場,
2013-02-09,中華市場,
2013-02-09,旗山第一,
2013-02-09,鳳山第一,
2013-02-09,岡山文賢,167.0
2013-02-09,大寮大發,
2013-02-09,橋頭市場,
2013-02-10,國民市場,
2013-02-10,鹽埕示範,
2013-02-10,新興第二,
2013-02-10,三民第二,
2013-02-10,左營第四,
2013-02-10,鼓山第三,
2013-02-10,楠梓市場,
2013-02-10,三民第一,
2013-02-10,苓雅市場,
2013-02-10,中華市場,
2013-02-10,旗山第一,
2013-02-10,鳳山第一,
2013-02-10,岡山文賢,
2013-02-10,大寮大發,
2013-02-10,橋頭市場,
2013-02-11,國民市場,
2013-02-11,鹽埕示範,
2013-02-11,新興第二,
2013-02-11,三民第二,
2013-02-11,左營第四,
2013-02-11,鼓山第三,
2013-02-11,楠梓市場,
2013-02-11,三民第一,
2013-02-11,苓雅市場,
2013-02-11,中華市場,
2013-02-11,旗山第一,
2013-02-11,鳳山第一,
2013-02-11,岡山文賢,
2013-02-11,大寮大發,
2013-02-11,橋頭市場,
2013-02-12,國民市場,
2013-02-12,鹽埕示範,
2013-02-12,新興第二,
2013-02-12,三民第二,
2013-02-12,左營第四,
2013-02-12,鼓山第三,
2013-02-12,楠梓市場,
2013-02-12,三民第一,
2013-02-12,苓雅市場,
2013-02-12,中華市場,
2013-02-12,旗山第一,
2013-02-12,鳳山第一,
2013-02-12,岡山文賢,
2013-02-12,大寮大發,
2013-02-12,橋頭市場,
2013-02-13,國民市場,
2013-02-13,鹽埕示範,
2013-02-13,新興第二,
2013-02-13,三民第二,
2013-02-13,左營第四,
2013-02-13,鼓山第三,
2013-02-13,楠梓市場,
2013-02-13,三民第一,
2013-02-13,苓雅市場,
2013-02-13,中華市場,
2013-02-13,旗山第一,
2013-02-13,鳳山第一,
2013-02-13,岡山文賢,
2013-02-13,大寮大發,
2013-02-13,橋頭市場,
2013-02-14,國民市場,
2013-02-14,鹽埕示範,
2013-02-14,新興第二,
2013-02-14,三民第二,
2013-02-14,左營第四,
2013-02-14,鼓山第三,
2013-02-14,楠梓市場,
2013-02-14,三民第一,
2013-02-14,苓雅市場,
2013-02-14,中華市場,
2013-02-14,旗山第一,
2013-02-14,鳳山第一,
2013-02-14,岡山文賢,
2013-02-14,大寮大發,
2013-02-14,橋頭市場,
2013-02-15,國民市場,
2013-02-15,鹽埕示範,
2013-02-15,新興第二,133.0
2013-02-15,三民第二,
2013-02-15,左營第四,
2013-02-15,鼓山第三,
2013-02-15,楠梓市場,
2013-02-15,三民第一,150.0
2013-02-15,苓雅市場,
2013-02-15,中華市場,
2013-02-15,旗山第一,
2013-02-15,鳳山第一,
2013-02-15,岡山文賢,
2013-02-15,大寮大發,
2013-02-15,橋頭市場,
2013-02-17,國民市場,
2013-02-17,鹽埕示範,
2013-02-17,新興第二,133.0
2013-02-17,三民第二,
2013-02-17,左營第四,
2013-02-17,鼓山第三,
2013-02-17,楠梓市場,
2013-02-17,三民第一,
2013-02-17,苓雅市場,
2013-02-17,中華市場,
2013-02-17,旗山第一,
2013-02-17,鳳山第一,
2013-02-17,岡山文賢,
2013-02-17,大寮大發,
2013-02-17,橋頭市場,
2013-02-18,國民市場,133.0
2013-02-18,鹽埕示範,133.0
2013-02-18,新興第二,133.0
2013-02-18,三民第二,133.0
2013-02-18,左營第四,133.0
2013-02-18,鼓山第三,150.0
2013-02-18,楠梓市場,133.0
2013-02-18,三民第一,150.0
2013-02-18,苓雅市場,150.0
2013-02-18,中華市場,150.0
2013-02-18,旗山第一,133.0
2013-02-18,鳳山第一,0.0
2013-02-18,岡山文賢,167.0
2013-02-18,大寮大發,0.0
2013-02-18,橋頭市場,150.0
2013-02-19,國民市場,133.0
2013-02-19,鹽埕示範,133.0
2013-02-19,新興第二,133.0
2013-02-19,三民第二,133.0
2013-02-19,左營第四,133.0
2013-02-19,鼓山第三,150.0
2013-02-19,楠梓市場,133.0
2013-02-19,三民第一,150.0
2013-02-19,苓雅市場,150.0
2013-02-19,中華市場,150.0
2013-02-19,旗山第一,150.0
2013-02-19,鳳山第一,0.0
2013-02-19,岡山文賢,167.0
2013-02-19,大寮大發,0.0
2013-02-19,橋頭市場,150.0
2013-02-20,國民市場,133.0
2013-02-20,鹽埕示範,133.0
2013-02-20,新興第二,133.0
2013-02-20,三民第二,150.0
2013-02-20,左營第四,133.0
2013-02-20,鼓山第三,150.0
2013-02-20,楠梓市場,133.0
2013-02-20,三民第一,150.0
2013-02-20,苓雅市場,150.0
2013-02-20,中華市場,150.0
2013-02-20,旗山第一,150.0
2013-02-20,鳳山第一,0.0
2013-02-20,岡山文賢,167.0
2013-02-20,大寮大發,0.0
2013-02-20,橋頭市場,150.0
2013-02-21,國民市場,150.0
2013-02-21,鹽埕示範,133.0
2013-02-21,新興第二,133.0
2013-02-21,三民第二,133.0
2013-02-21,左營第四,133.0
2013-02-21,鼓山第三,150.0
2013-02-21,楠梓市場,133.0
2013-02-21,三民第一,150.0
2013-02-21,苓雅市場,150.0
2013-02-21,中華市場,150.0
2013-02-21,旗山第一,150.0
2013-02-21,鳳山第一,0.0
2013-02-21,岡山文賢,167.0
2013-02-21,大寮大發,0.0
2013-02-21,橋頭市場,150.0
2013-02-22,國民市場,150.0
2013-02-22,鹽埕示範,133.0
2013-02-22,新興第二,133.0
2013-02-22,三民第二,133.0
2013-02-22,左營第四,133.0
2013-02-22,鼓山第三,150.0
2013-02-22,楠梓市場,133.0
2013-02-22,三民第一,100.0
2013-02-22,苓雅市場,150.0
2013-02-22,中華市場,150.0
2013-02-22,旗山第一,150.0
2013-02-22,鳳山第一,0.0
2013-02-22,岡山文賢,167.0
2013-02-22,大寮大發,0.0
2013-02-22,橋頭市場,150.0
2013-02-23,國民市場,150.0
2013-02-23,鹽埕示範,133.0
2013-02-23,新興第二,133.0
2013-02-23,三民第二,150.0
2013-02-23,左營第四,133.0
2013-02-23,鼓山第三,150.0
2013-02-23,楠梓市場,133.0
2013-02-23,三民第一,100.0
2013-02-23,苓雅市場,150.0
2013-02-23,中華市場,150.0
2013-02-23,旗山第一,150.0
2013-02-23,鳳山第一,0.0
2013-02-23,岡山文賢,167.0
2013-02-23,大寮大發,0.0
2013-02-23,橋頭市場,150.0
2013-02-24,國民市場,150.0
2013-02-24,鹽埕示範,133.0
2013-02-24,新興第二,133.0
2013-02-24,三民第二,150.0
2013-02-24,左營第四,133.0
2013-02-24,鼓山第三,150.0
2013-02-24,楠梓市場,133.0
2013-02-24,三民第一,100.0
2013-02-24,苓雅市場,150.0
2013-02-24,中華市場,150.0
2013-02-24,旗山第一,150.0
2013-02-24,鳳山第一,
2013-02-24,岡山文賢,
2013-02-24,大寮大發,0.0
2013-02-24,橋頭市場,150.0
2013-02-25,國民市場,133.0
2013-02-25,鹽埕示範,133.0
2013-02-25,新興第二,117.0
2013-02-25,三民第二,150.0
2013-02-25,左營第四,133.0
2013-02-25,鼓山第三,150.0
2013-02-25,楠梓市場,133.0
2013-02-25,三民第一,100.0
2013-02-25,苓雅市場,150.0
2013-02-25,中華市場,150.0
2013-02-25,旗山第一,150.0
2013-02-25,鳳山第一,0.0
2013-02-25,岡山文賢,167.0
2013-02-25,大寮大發,0.0
2013-02-25,橋頭市場,150.0
2013-02-26,國民市場,
2013-02-26,鹽埕示範,
2013-02-26,新興第二,
2013-02-26,三民第二,
2013-02-26,左營第四,
2013-02-26,鼓山第三,
2013-02-26,楠梓市場,
2013-02-26,三民第一,
2013-02-26,苓雅市場,
2013-02-26,中華市場,
2013-02-26,旗山第一,150.0
2013-02-26,鳳山第一,
2013-02-26,岡山文賢,133.0
2013-02-26,大寮大發,
2013-02-26,橋頭市場,
2013-02-27,國民市場,133.0
2013-02-27,鹽埕示範,133.0
2013-02-27,新興第二,100.0
2013-02-27,三民第二,150.0
2013-02-27,左營第四,133.0
2013-02-27,鼓山第三,150.0
2013-02-27,楠梓市場,133.0
2013-02-27,三民第一,100.0
2013-02-27,苓雅市場,150.0
2013-02-27,中華市場,150.0
2013-02-27,旗山第一,150.0
2013-02-27,鳳山第一,0.0
2013-02-27,岡山文賢,133.0
2013-02-27,大寮大發,
2013-02-27,橋頭市場,150.0
2013-02-28,國民市場,150.0
2013-02-28,鹽埕示範,133.0
2013-02-28,新興第二,117.0
2013-02-28,三民第二,150.0
2013-02-28,左營第四,133.0
2013-02-28,鼓山第三,150.0
2013-02-28,楠梓市場,133.0
2013-02-28,三民第一,100.0
2013-02-28,苓雅市場,150.0
2013-02-28,中華市場,150.0
2013-02-28,旗山第一,150.0
2013-02-28,鳳山第一,0.0
2013-02-28,岡山文賢,133.0
2013-02-28,大寮大發,0.0
2013-02-28,橋頭市場,
2013-03-01,國民市場,150.0
2013-03-01,鹽埕示範,133.0
2013-03-01,新興第二,117.0
2013-03-01,三民第二,150.0
2013-03-01,左營第四,133.0
2013-03-01,鼓山第三,150.0
2013-03-01,楠梓市場,133.0
2013-03-01,三民第一,100.0
2013-03-01,苓雅市場,150.0
2013-03-01,中華市場,150.0
2013-03-01,旗山第一,150.0
2013-03-01,鳳山第一,0.0
2013-03-01,岡山文賢,133.0
2013-03-01,大寮大發,0.0
2013-03-01,橋頭市場,150.0
2013-03-02,國民市場,150.0
2013-03-02,鹽埕示範,133.0
2013-03-02,新興第二,117.0
2013-03-02,三民第二,150.0
2013-03-02,左營第四,133.0
2013-03-02,鼓山第三,150.0
2013-03-02,楠梓市場,133.0
2013-03-02,三民第一,100.0
2013-03-02,苓雅市場,150.0
2013-03-02,中華市場,150.0
2013-03-02,旗山第一,133.0
2013-03-02,鳳山第一,0.0
2013-03-02,岡山文賢,133.0
2013-03-02,大寮大發,0.0
2013-03-02,橋頭市場,
2013-03-03,國民市場,150.0
2013-03-03,鹽埕示範,133.0
2013-03-03,新興第二,133.0
2013-03-03,三民第二,150.0
2013-03-03,左營第四,133.0
2013-03-03,鼓山第三,150.0
2013-03-03,楠梓市場,133.0
2013-03-03,三民第一,100.0
2013-03-03,苓雅市場,150.0
2013-03-03,中華市場,150.0
2013-03-03,旗山第一,133.0
2013-03-03,鳳山第一,
2013-03-03,岡山文賢,133.0
2013-03-03,大寮大發,0.0
2013-03-03,橋頭市場,150.0
2013-03-04,國民市場,150.0
2013-03-04,鹽埕示範,133.0
2013-03-04,新興第二,133.0
2013-03-04,三民第二,150.0
2013-03-04,左營第四,133.0
2013-03-04,鼓山第三,150.0
2013-03-04,楠梓市場,133.0
2013-03-04,三民第一,100.0
2013-03-04,苓雅市場,150.0
2013-03-04,中華市場,150.0
2013-03-04,旗山第一,133.0
2013-03-04,鳳山第一,0.0
2013-03-04,岡山文賢,133.0
2013-03-04,大寮大發,0.0
2013-03-04,橋頭市場,150.0
2013-03-05,國民市場,150.0
2013-03-05,鹽埕示範,133.0
2013-03-05,新興第二,133.0
2013-03-05,三民第二,150.0
2013-03-05,左營第四,133.0
2013-03-05,鼓山第三,150.0
2013-03-05,楠梓市場,133.0
2013-03-05,三民第一,100.0
2013-03-05,苓雅市場,150.0
2013-03-05,中華市場,150.0
2013-03-05,旗山第一,133.0
2013-03-05,鳳山第一,0.0
2013-03-05,岡山文賢,133.0
2013-03-05,大寮大發,0.0
2013-03-05,橋頭市場,150.0
2013-03-06,國民市場,133.0
2013-03-06,鹽埕示範,133.0
2013-03-06,新興第二,133.0
2013-03-06,三民第二,150.0
2013-03-06,左營第四,133.0
2013-03-06,鼓山第三,150.0
2013-03-06,楠梓市場,133.0
2013-03-06,三民第一,100.0
2013-03-06,苓雅市場,150.0
2013-03-06,中華市場,150.0
2013-03-06,旗山第一,133.0
2013-03-06,鳳山第一,0.0
2013-03-06,岡山文賢,133.0
2013-03-06,大寮大發,0.0
2013-03-06,橋頭市場,150.0
2013-03-07,國民市場,133.0
2013-03-07,鹽埕示範,133.0
2013-03-07,新興第二,133.0
2013-03-07,三民第二,150.0
2013-03-07,左營第四,133.0
2013-03-07,鼓山第三,150.0
2013-03-07,楠梓市場,133.0
2013-03-07,三民第一,100.0
2013-03-07,苓雅市場,150.0
2013-03-07,中華市場,150.0
2013-03-07,旗山第一,133.0
2013-03-07,鳳山第一,0.0
2013-03-07,岡山文賢,133.0
2013-03-07,大寮大發,0.0
2013-03-07,橋頭市場,150.0
2013-03-08,國民市場,133.0
2013-03-08,鹽埕示範,133.0
2013-03-08,新興第二,133.0
2013-03-08,三民第二,150.0
2013-03-08,左營第四,133.0
2013-03-08,鼓山第三,150.0
2013-03-08,楠梓市場,133.0
2013-03-08,三民第一,100.0
2013-03-08,苓雅市場,150.0
2013-03-08,中華市場,150.0
2013-03-08,旗山第一,133.0
2013-03-08,鳳山第一,0.0
2013-03-08,岡山文賢,133.0
2013-03-08,大寮大發,130.0
2013-03-08,橋頭市場,150.0
2013-03-09,國民市場,133.0
2013-03-09,鹽埕示範,133.0
2013-03-09,新興第二,133.0
2013-03-09,三民第二,150.0
2013-03-09,左營第四,133.0
2013-03-09,鼓山第三,150.0
2013-03-09,楠梓市場,133.0
2013-03-09,三民第一,100.0
2013-03-09,苓雅市場,150.0
2013-03-09,中華市場,150.0
2013-03-09,旗山第一,133.0
2013-03-09,鳳山第一,0.0
2013-03-09,岡山文賢,133.0
2013-03-09,大寮大發,130.0
2013-03-09,橋頭市場,200.0
2013-03-10,國民市場,150.0
2013-03-10,鹽埕示範,133.0
2013-03-10,新興第二,133.0
2013-03-10,三民第二,150.0
2013-03-10,左營第四,133.0
2013-03-10,鼓山第三,150.0
2013-03-10,楠梓市場,133.0
2013-03-10,三民第一,100.0
2013-03-10,苓雅市場,150.0
2013-03-10,中華市場,150.0
2013-03-10,旗山第一,133.0
2013-03-10,鳳山第一,
2013-03-10,岡山文賢,133.0
2013-03-10,大寮大發,0.0
2013-03-10,橋頭市場,200.0
2013-03-11,國民市場,150.0
2013-03-11,鹽埕示範,133.0
2013-03-11,新興第二,133.0
2013-03-11,三民第二,150.0
2013-03-11,左營第四,133.0
2013-03-11,鼓山第三,150.0
2013-03-11,楠梓市場,133.0
2013-03-11,三民第一,100.0
2013-03-11,苓雅市場,150.0
2013-03-11,中華市場,150.0
2013-03-11,旗山第一,133.0
2013-03-11,鳳山第一,0.0
2013-03-11,岡山文賢,133.0
2013-03-11,大寮大發,0.0
2013-03-11,橋頭市場,
2013-03-12,國民市場,150.0
2013-03-12,鹽埕示範,133.0
2013-03-12,新興第二,133.0
2013-03-12,三民第二,150.0
2013-03-12,左營第四,133.0
2013-03-12,鼓山第三,150.0
2013-03-12,楠梓市場,133.0
2013-03-12,三民第一,100.0
2013-03-12,苓雅市場,150.0
2013-03-12,中華市場,150.0
2013-03-12,旗山第一,133.0
2013-03-12,鳳山第一,0.0
2013-03-12,岡山文賢,183.0
2013-03-12,大寮大發,0.0
2013-03-12,橋頭市場,150.0
2013-03-13,國民市場,183.0
2013-03-13,鹽埕示範,133.0
2013-03-13,新興第二,133.0
2013-03-13,三民第二,150.0
2013-03-13,左營第四,133.0
2013-03-13,鼓山第三,150.0
2013-03-13,楠梓市場,133.0
2013-03-13,三民第一,100.0
2013-03-13,苓雅市場,150.0
2013-03-13,中華市場,150.0
2013-03-13,旗山第一,133.0
2013-03-13,鳳山第一,0.0
2013-03-13,岡山文賢,183.0
2013-03-13,大寮大發,0.0
2013-03-13,橋頭市場,150.0
2013-03-14,國民市場,183.0
2013-03-14,鹽埕示範,133.0
2013-03-14,新興第二,133.0
2013-03-14,三民第二,150.0
2013-03-14,左營第四,133.0
2013-03-14,鼓山第三,150.0
2013-03-14,楠梓市場,133.0
2013-03-14,三民第一,100.0
2013-03-14,苓雅市場,150.0
2013-03-14,中華市場,150.0
2013-03-14,旗山第一,133.0
2013-03-14,鳳山第一,0.0
2013-03-14,岡山文賢,183.0
2013-03-14,大寮大發,0.0
2013-03-14,橋頭市場,150.0
2013-03-15,國民市場,150.0
2013-03-15,鹽埕示範,133.0
2013-03-15,新興第二,117.0
2013-03-15,三民第二,150.0
2013-03-15,左營第四,133.0
2013-03-15,鼓山第三,150.0
2013-03-15,楠梓市場,133.0
2013-03-15,三民第一,100.0
2013-03-15,苓雅市場,150.0
2013-03-15,中華市場,150.0
2013-03-15,旗山第一,133.0
2013-03-15,鳳山第一,0.0
2013-03-15,岡山文賢,183.0
2013-03-15,大寮大發,0.0
2013-03-15,橋頭市場,150.0
2013-03-16,國民市場,150.0
2013-03-16,鹽埕示範,133.0
2013-03-16,新興第二,117.0
2013-03-16,三民第二,150.0
2013-03-16,左營第四,133.0
2013-03-16,鼓山第三,150.0
2013-03-16,楠梓市場,133.0
2013-03-16,三民第一,117.0
2013-03-16,苓雅市場,150.0
2013-03-16,中華市場,150.0
2013-03-16,旗山第一,133.0
2013-03-16,鳳山第一,0.0
2013-03-16,岡山文賢,183.0
2013-03-16,大寮大發,0.0
2013-03-16,橋頭市場,150.0
2013-03-17,國民市場,150.0
2013-03-17,鹽埕示範,133.0
2013-03-17,新興第二,117.0
2013-03-17,三民第二,150.0
2013-03-17,左營第四,133.0
2013-03-17,鼓山第三,150.0
2013-03-17,楠梓市場,133.0
2013-03-17,三民第一,117.0
2013-03-17,苓雅市場,150.0
2013-03-17,中華市場,150.0
2013-03-17,旗山第一,133.0
2013-03-17,鳳山第一,
2013-03-17,岡山文賢,183.0
2013-03-17,大寮大發,0.0
2013-03-17,橋頭市場,150.0
2013-03-18,國民市場,150.0
2013-03-18,鹽埕示範,133.0
2013-03-18,新興第二,133.0
2013-03-18,三民第二,150.0
2013-03-18,左營第四,133.0
2013-03-18,鼓山第三,150.0
2013-03-18,楠梓市場,133.0
2013-03-18,三民第一,100.0
2013-03-18,苓雅市場,150.0
2013-03-18,中華市場,150.0
2013-03-18,旗山第一,133.0
2013-03-18,鳳山第一,0.0
2013-03-18,岡山文賢,183.0
2013-03-18,大寮大發,0.0
2013-03-18,橋頭市場,150.0
2013-03-19,國民市場,166.0
2013-03-19,鹽埕示範,133.0
2013-03-19,新興第二,117.0
2013-03-19,三民第二,133.0
2013-03-19,左營第四,133.0
2013-03-19,鼓山第三,150.0
2013-03-19,楠梓市場,133.0
2013-03-19,三民第一,100.0
2013-03-19,苓雅市場,150.0
2013-03-19,中華市場,150.0
2013-03-19,旗山第一,133.0
2013-03-19,鳳山第一,0.0
2013-03-19,岡山文賢,183.0
2013-03-19,大寮大發,0.0
2013-03-19,橋頭市場,150.0
2013-03-20,國民市場,166.0
2013-03-20,鹽埕示範,133.0
2013-03-20,新興第二,117.0
2013-03-20,三民第二,133.0
2013-03-20,左營第四,133.0
2013-03-20,鼓山第三,150.0
2013-03-20,楠梓市場,133.0
2013-03-20,三民第一,100.0
2013-03-20,苓雅市場,150.0
2013-03-20,中華市場,150.0
2013-03-20,旗山第一,133.0
2013-03-20,鳳山第一,0.0
2013-03-20,岡山文賢,183.0
2013-03-20,大寮大發,0.0
2013-03-20,橋頭市場,150.0
2013-03-21,國民市場,166.0
2013-03-21,鹽埕示範,133.0
2013-03-21,新興第二,117.0
2013-03-21,三民第二,133.0
2013-03-21,左營第四,133.0
2013-03-21,鼓山第三,150.0
2013-03-21,楠梓市場,133.0
2013-03-21,三民第一,100.0
2013-03-21,苓雅市場,150.0
2013-03-21,中華市場,150.0
2013-03-21,旗山第一,133.0
2013-03-21,鳳山第一,0.0
2013-03-21,岡山文賢,183.0
2013-03-21,大寮大發,130.0
2013-03-21,橋頭市場,150.0
2013-03-22,國民市場,166.0
2013-03-22,鹽埕示範,133.0
2013-03-22,新興第二,117.0
2013-03-22,三民第二,133.0
2013-03-22,左營第四,133.0
2013-03-22,鼓山第三,150.0
2013-03-22,楠梓市場,133.0
2013-03-22,三民第一,100.0
2013-03-22,苓雅市場,150.0
2013-03-22,中華市場,150.0
2013-03-22,旗山第一,133.0
2013-03-22,鳳山第一,0.0
2013-03-22,岡山文賢,183.0
2013-03-22,大寮大發,130.0
2013-03-22,橋頭市場,150.0
2013-03-23,國民市場,166.0
2013-03-23,鹽埕示範,133.0
2013-03-23,新興第二,117.0
2013-03-23,三民第二,133.0
2013-03-23,左營第四,133.0
2013-03-23,鼓山第三,150.0
2013-03-23,楠梓市場,133.0
2013-03-23,三民第一,100.0
2013-03-23,苓雅市場,150.0
2013-03-23,中華市場,150.0
2013-03-23,旗山第一,133.0
2013-03-23,鳳山第一,
2013-03-23,岡山文賢,183.0
2013-03-23,大寮大發,0.0
2013-03-23,橋頭市場,
2013-03-24,國民市場,166.0
2013-03-24,鹽埕示範,133.0
2013-03-24,新興第二,117.0
2013-03-24,三民第二,133.0
2013-03-24,左營第四,133.0
2013-03-24,鼓山第三,150.0
2013-03-24,楠梓市場,133.0
2013-03-24,三民第一,100.0
2013-03-24,苓雅市場,150.0
2013-03-24,中華市場,150.0
2013-03-24,旗山第一,133.0
2013-03-24,鳳山第一,
2013-03-24,岡山文賢,183.0
2013-03-24,大寮大發,130.0
2013-03-24,橋頭市場,
2013-03-25,國民市場,183.0
2013-03-25,鹽埕示範,133.0
2013-03-25,新興第二,133.0
2013-03-25,三民第二,133.0
2013-03-25,左營第四,133.0
2013-03-25,鼓山第三,150.0
2013-03-25,楠梓市場,133.0
2013-03-25,三民第一,100.0
2013-03-25,苓雅市場,150.0
2013-03-25,中華市場,150.0
2013-03-25,旗山第一,133.0
2013-03-25,鳳山第一,0.0
2013-03-25,岡山文賢,167.0
2013-03-25,大寮大發,130.0
2013-03-25,橋頭市場,150.0
2013-03-26,國民市場,183.0
2013-03-26,鹽埕示範,133.0
2013-03-26,新興第二,133.0
2013-03-26,三民第二,133.0
2013-03-26,左營第四,150.0
2013-03-26,鼓山第三,150.0
2013-03-26,楠梓市場,133.0
2013-03-26,三民第一,117.0
2013-03-26,苓雅市場,150.0
2013-03-26,中華市場,150.0
2013-03-26,旗山第一,133.0
2013-03-26,鳳山第一,0.0
2013-03-26,岡山文賢,167.0
2013-03-26,大寮大發,152.0
2013-03-26,橋頭市場,150.0
2013-03-27,國民市場,183.0
2013-03-27,鹽埕示範,133.0
2013-03-27,新興第二,133.0
2013-03-27,三民第二,133.0
2013-03-27,左營第四,150.0
2013-03-27,鼓山第三,150.0
2013-03-27,楠梓市場,133.0
2013-03-27,三民第一,100.0
2013-03-27,苓雅市場,150.0
2013-03-27,中華市場,150.0
2013-03-27,旗山第一,133.0
2013-03-27,鳳山第一,0.0
2013-03-27,岡山文賢,167.0
2013-03-27,大寮大發,152.0
2013-03-27,橋頭市場,150.0
2013-03-28,國民市場,183.0
2013-03-28,鹽埕示範,
2013-03-28,新興第二,
2013-03-28,三民第二,
2013-03-28,左營第四,150.0
2013-03-28,鼓山第三,
2013-03-28,楠梓市場,
2013-03-28,三民第一,
2013-03-28,苓雅市場,
2013-03-28,中華市場,
2013-03-28,旗山第一,133.0
2013-03-28,鳳山第一,
2013-03-28,岡山文賢,167.0
2013-03-28,大寮大發,
2013-03-28,橋頭市場,
2013-03-29,國民市場,183.0
2013-03-29,鹽埕示範,133.0
2013-03-29,新興第二,133.0
2013-03-29,三民第二,133.0
2013-03-29,左營第四,150.0
2013-03-29,鼓山第三,150.0
2013-03-29,楠梓市場,133.0
2013-03-29,三民第一,117.0
2013-03-29,苓雅市場,150.0
2013-03-29,中華市場,150.0
2013-03-29,旗山第一,133.0
2013-03-29,鳳山第一,0.0
2013-03-29,岡山文賢,167.0
2013-03-29,大寮大發,152.0
2013-03-29,橋頭市場,150.0
2013-03-30,國民市場,183.0
2013-03-30,鹽埕示範,133.0
2013-03-30,新興第二,133.0
2013-03-30,三民第二,133.0
2013-03-30,左營第四,150.0
2013-03-30,鼓山第三,150.0
2013-03-30,楠梓市場,133.0
2013-03-30,三民第一,1,117.0
2013-03-30,苓雅市場,150.0
2013-03-30,中華市場,150.0
2013-03-30,旗山第一,133.0
2013-03-30,鳳山第一,
2013-03-30,岡山文賢,167.0
2013-03-30,大寮大發,152.0
2013-03-30,橋頭市場,
2013-03-31,國民市場,183.0
2013-03-31,鹽埕示範,133.0
2013-03-31,新興第二,133.0
2013-03-31,三民第二,133.0
2013-03-31,左營第四,150.0
2013-03-31,鼓山第三,150.0
2013-03-31,楠梓市場,133.0
2013-03-31,三民第一,150.0
2013-03-31,苓雅市場,150.0
2013-03-31,中華市場,150.0
2013-03-31,旗山第一,133.0
2013-03-31,鳳山第一,
2013-03-31,岡山文賢,167.0
2013-03-31,大寮大發,150.0
2013-03-31,橋頭市場,
2013-04-01,國民市場,166.0
2013-04-01,鹽埕示範,133.0
2013-04-01,新興第二,133.0
2013-04-01,三民第二,133.0
2013-04-01,左營第四,150.0
2013-04-01,鼓山第三,150.0
2013-04-01,楠梓市場,133.0
2013-04-01,三民第一,150.0
2013-04-01,苓雅市場,150.0
2013-04-01,中華市場,150.0
2013-04-01,旗山第一,133.0
2013-04-01,鳳山第一,0.0
2013-04-01,岡山文賢,167.0
2013-04-01,大寮大發,152.0
2013-04-01,橋頭市場,150.0
2013-04-02,國民市場,166.0
2013-04-02,鹽埕示範,133.0
2013-04-02,新興第二,133.0
2013-04-02,三民第二,133.0
2013-04-02,左營第四,150.0
2013-04-02,鼓山第三,150.0
2013-04-02,楠梓市場,133.0
2013-04-02,三民第一,150.0
2013-04-02,苓雅市場,150.0
2013-04-02,中華市場,150.0
2013-04-02,旗山第一,133.0
2013-04-02,鳳山第一,0.0
2013-04-02,岡山文賢,167.0
2013-04-02,大寮大發,152.0
2013-04-02,橋頭市場,150.0
2013-04-03,國民市場,166.0
2013-04-03,鹽埕示範,150.0
2013-04-03,新興第二,133.0
2013-04-03,三民第二,150.0
2013-04-03,左營第四,150.0
2013-04-03,鼓山第三,150.0
2013-04-03,楠梓市場,133.0
2013-04-03,三民第一,150.0
2013-04-03,苓雅市場,150.0
2013-04-03,中華市場,150.0
2013-04-03,旗山第一,133.0
2013-04-03,鳳山第一,0.0
2013-04-03,岡山文賢,167.0
2013-04-03,大寮大發,152.0
2013-04-03,橋頭市場,150.0
2013-04-04,國民市場,166.0
2013-04-04,鹽埕示範,150.0
2013-04-04,新興第二,133.0
2013-04-04,三民第二,150.0
2013-04-04,左營第四,150.0
2013-04-04,鼓山第三,150.0
2013-04-04,楠梓市場,133.0
2013-04-04,三民第一,150.0
2013-04-04,苓雅市場,150.0
2013-04-04,中華市場,150.0
2013-04-04,旗山第一,133.0
2013-04-04,鳳山第一,0.0
2013-04-04,岡山文賢,167.0
2013-04-04,大寮大發,152.0
2013-04-04,橋頭市場,
2013-04-05,國民市場,166.0
2013-04-05,鹽埕示範,150.0
2013-04-05,新興第二,133.0
2013-04-05,三民第二,150.0
2013-04-05,左營第四,150.0
2013-04-05,鼓山第三,150.0
2013-04-05,楠梓市場,133.0
2013-04-05,三民第一,150.0
2013-04-05,苓雅市場,150.0
2013-04-05,中華市場,150.0
2013-04-05,旗山第一,133.0
2013-04-05,鳳山第一,0.0
2013-04-05,岡山文賢,167.0
2013-04-05,大寮大發,152.0
2013-04-05,橋頭市場,233.0
2013-04-06,國民市場,166.0
2013-04-06,鹽埕示範,150.0
2013-04-06,新興第二,133.0
2013-04-06,三民第二,150.0
2013-04-06,左營第四,150.0
2013-04-06,鼓山第三,150.0
2013-04-06,楠梓市場,133.0
2013-04-06,三民第一,150.0
2013-04-06,苓雅市場,150.0
2013-04-06,中華市場,150.0
2013-04-06,旗山第一,133.0
2013-04-06,鳳山第一,0.0
2013-04-06,岡山文賢,167.0
2013-04-06,大寮大發,152.0
2013-04-06,橋頭市場,233.0
2013-04-07,國民市場,166.0
2013-04-07,鹽埕示範,150.0
2013-04-07,新興第二,133.0
2013-04-07,三民第二,150.0
2013-04-07,左營第四,150.0
2013-04-07,鼓山第三,150.0
2013-04-07,楠梓市場,150.0
2013-04-07,三民第一,150.0
2013-04-07,苓雅市場,150.0
2013-04-07,中華市場,150.0
2013-04-07,旗山第一,133.0
2013-04-07,鳳山第一,0.0
2013-04-07,岡山文賢,167.0
2013-04-07,大寮大發,0.0
2013-04-07,橋頭市場,233.0
2013-04-08,國民市場,166.0
2013-04-08,鹽埕示範,150.0
2013-04-08,新興第二,133.0
2013-04-08,三民第二,150.0
2013-04-08,左營第四,150.0
2013-04-08,鼓山第三,150.0
2013-04-08,楠梓市場,150.0
2013-04-08,三民第一,150.0
2013-04-08,苓雅市場,150.0
2013-04-08,中華市場,133.0
2013-04-08,旗山第一,133.0
2013-04-08,鳳山第一,0.0
2013-04-08,岡山文賢,148.0
2013-04-08,大寮大發,0.0
2013-04-08,橋頭市場,133.0
2013-04-09,國民市場,166.0
2013-04-09,鹽埕示範,150.0
2013-04-09,新興第二,133.0
2013-04-09,三民第二,150.0
2013-04-09,左營第四,150.0
2013-04-09,鼓山第三,150.0
2013-04-09,楠梓市場,150.0
2013-04-09,三民第一,150.0
2013-04-09,苓雅市場,150.0
2013-04-09,中華市場,133.0
2013-04-09,旗山第一,133.0
2013-04-09,鳳山第一,0.0
2013-04-09,岡山文賢,148.0
2013-04-09,大寮大發,0.0
2013-04-09,橋頭市場,133.0
2013-04-10,國民市場,166.0
2013-04-10,鹽埕示範,150.0
2013-04-10,新興第二,133.0
2013-04-10,三民第二,150.0
2013-04-10,左營第四,150.0
2013-04-10,鼓山第三,150.0
2013-04-10,楠梓市場,150.0
2013-04-10,三民第一,150.0
2013-04-10,苓雅市場,150.0
2013-04-10,中華市場,133.0
2013-04-10,旗山第一,133.0
2013-04-10,鳳山第一,0.0
2013-04-10,岡山文賢,148.0
2013-04-10,大寮大發,0.0
2013-04-10,橋頭市場,133.0
2013-04-11,國民市場,166.0
2013-04-11,鹽埕示範,150.0
2013-04-11,新興第二,133.0
2013-04-11,三民第二,150.0
2013-04-11,左營第四,150.0
2013-04-11,鼓山第三,150.0
2013-04-11,楠梓市場,150.0
2013-04-11,三民第一,133.0
2013-04-11,苓雅市場,150.0
2013-04-11,中華市場,133.0
2013-04-11,旗山第一,133.0
2013-04-11,鳳山第一,0.0
2013-04-11,岡山文賢,148.0
2013-04-11,大寮大發,0.0
2013-04-11,橋頭市場,133.0
2013-04-12,國民市場,166.0
2013-04-12,鹽埕示範,150.0
2013-04-12,新興第二,133.0
2013-04-12,三民第二,150.0
2013-04-12,左營第四,150.0
2013-04-12,鼓山第三,150.0
2013-04-12,楠梓市場,150.0
2013-04-12,三民第一,133.0
2013-04-12,苓雅市場,150.0
2013-04-12,中華市場,133.0
2013-04-12,旗山第一,133.0
2013-04-12,鳳山第一,0.0
2013-04-12,岡山文賢,148.0
2013-04-12,大寮大發,0.0
2013-04-12,橋頭市場,133.0
2013-04-13,國民市場,166.0
2013-04-13,鹽埕示範,150.0
2013-04-13,新興第二,117.0
2013-04-13,三民第二,150.0
2013-04-13,左營第四,150.0
2013-04-13,鼓山第三,150.0
2013-04-13,楠梓市場,150.0
2013-04-13,三民第一,133.0
2013-04-13,苓雅市場,150.0
2013-04-13,中華市場,133.0
2013-04-13,旗山第一,133.0
2013-04-13,鳳山第一,0.0
2013-04-13,岡山文賢,148.0
2013-04-13,大寮大發,0.0
2013-04-13,橋頭市場,133.0
2013-04-14,國民市場,166.0
2013-04-14,鹽埕示範,150.0
2013-04-14,新興第二,117.0
2013-04-14,三民第二,150.0
2013-04-14,左營第四,150.0
2013-04-14,鼓山第三,150.0
2013-04-14,楠梓市場,150.0
2013-04-14,三民第一,133.0
2013-04-14,苓雅市場,150.0
2013-04-14,中華市場,133.0
2013-04-14,旗山第一,133.0
2013-04-14,鳳山第一,
2013-04-14,岡山文賢,148.0
2013-04-14,大寮大發,0.0
2013-04-14,橋頭市場,133.0
2013-04-15,國民市場,166.0
2013-04-15,鹽埕示範,150.0
2013-04-15,新興第二,117.0
2013-04-15,三民第二,150.0
2013-04-15,左營第四,150.0
2013-04-15,鼓山第三,150.0
2013-04-15,楠梓市場,150.0
2013-04-15,三民第一,133.0
2013-04-15,苓雅市場,150.0
2013-04-15,中華市場,133.0
2013-04-15,旗山第一,133.0
2013-04-15,鳳山第一,0.0
2013-04-15,岡山文賢,148.0
2013-04-15,大寮大發,0.0
2013-04-15,橋頭市場,133.0
2013-04-16,國民市場,166.0
2013-04-16,鹽埕示範,150.0
2013-04-16,新興第二,117.0
2013-04-16,三民第二,150.0
2013-04-16,左營第四,150.0
2013-04-16,鼓山第三,150.0
2013-04-16,楠梓市場,150.0
2013-04-16,三民第一,133.0
2013-04-16,苓雅市場,150.0
2013-04-16,中華市場,133.0
2013-04-16,旗山第一,133.0
2013-04-16,鳳山第一,0.0
2013-04-16,岡山文賢,148.0
2013-04-16,大寮大發,0.0
2013-04-16,橋頭市場,133.0
2013-04-17,國民市場,166.0
2013-04-17,鹽埕示範,150.0
2013-04-17,新興第二,117.0
2013-04-17,三民第二,150.0
2013-04-17,左營第四,150.0
2013-04-17,鼓山第三,150.0
2013-04-17,楠梓市場,150.0
2013-04-17,三民第一,133.0
2013-04-17,苓雅市場,133.0
2013-04-17,中華市場,133.0
2013-04-17,旗山第一,133.0
2013-04-17,鳳山第一,0.0
2013-04-17,岡山文賢,148.0
2013-04-17,大寮大發,0.0
2013-04-17,橋頭市場,133.0
2013-04-18,國民市場,166.0
2013-04-18,鹽埕示範,150.0
2013-04-18,新興第二,133.0
2013-04-18,三民第二,150.0
2013-04-18,左營第四,150.0
2013-04-18,鼓山第三,150.0
2013-04-18,楠梓市場,150.0
2013-04-18,三民第一,133.0
2013-04-18,苓雅市場,133.0
2013-04-18,中華市場,133.0
2013-04-18,旗山第一,133.0
2013-04-18,鳳山第一,0.0
2013-04-18,岡山文賢,148.0
2013-04-18,大寮大發,0.0
2013-04-18,橋頭市場,133.0
2013-04-19,國民市場,166.0
2013-04-19,鹽埕示範,150.0
2013-04-19,新興第二,133.0
2013-04-19,三民第二,150.0
2013-04-19,左營第四,150.0
2013-04-19,鼓山第三,150.0
2013-04-19,楠梓市場,150.0
2013-04-19,三民第一,133.0
2013-04-19,苓雅市場,133.0
2013-04-19,中華市場,133.0
2013-04-19,旗山第一,133.0
2013-04-19,鳳山第一,0.0
2013-04-19,岡山文賢,148.0
2013-04-19,大寮大發,0.0
2013-04-19,橋頭市場,133.0
2013-04-20,國民市場,166.0
2013-04-20,鹽埕示範,150.0
2013-04-20,新興第二,133.0
2013-04-20,三民第二,150.0
2013-04-20,左營第四,150.0
2013-04-20,鼓山第三,150.0
2013-04-20,楠梓市場,150.0
2013-04-20,三民第一,133.0
2013-04-20,苓雅市場,133.0
2013-04-20,中華市場,133.0
2013-04-20,旗山第一,133.0
2013-04-20,鳳山第一,0.0
2013-04-20,岡山文賢,148.0
2013-04-20,大寮大發,0.0
2013-04-20,橋頭市場,
2013-04-21,國民市場,166.0
2013-04-21,鹽埕示範,150.0
2013-04-21,新興第二,133.0
2013-04-21,三民第二,150.0
2013-04-21,左營第四,150.0
2013-04-21,鼓山第三,
2013-04-21,楠梓市場,
2013-04-21,三民第一,133.0
2013-04-21,苓雅市場,133.0
2013-04-21,中華市場,133.0
2013-04-21,旗山第一,133.0
2013-04-21,鳳山第一,
2013-04-21,岡山文賢,148.0
2013-04-21,大寮大發,0.0
2013-04-21,橋頭市場,
2013-04-22,國民市場,166.0
2013-04-22,鹽埕示範,150.0
2013-04-22,新興第二,133.0
2013-04-22,三民第二,133.0
2013-04-22,左營第四,150.0
2013-04-22,鼓山第三,150.0
2013-04-22,楠梓市場,142.0
2013-04-22,三民第一,133.0
2013-04-22,苓雅市場,133.0
2013-04-22,中華市場,133.0
2013-04-22,旗山第一,133.0
2013-04-22,鳳山第一,0.0
2013-04-22,岡山文賢,148.0
2013-04-22,大寮大發,0.0
2013-04-22,橋頭市場,133.0
2013-04-23,國民市場,166.0
2013-04-23,鹽埕示範,150.0
2013-04-23,新興第二,133.0
2013-04-23,三民第二,150.0
2013-04-23,左營第四,150.0
2013-04-23,鼓山第三,150.0
2013-04-23,楠梓市場,142.0
2013-04-23,三民第一,133.0
2013-04-23,苓雅市場,133.0
2013-04-23,中華市場,133.0
2013-04-23,旗山第一,133.0
2013-04-23,鳳山第一,0.0
2013-04-23,岡山文賢,148.0
2013-04-23,大寮大發,0.0
2013-04-23,橋頭市場,133.0
2013-04-24,國民市場,166.0
2013-04-24,鹽埕示範,150.0
2013-04-24,新興第二,133.0
2013-04-24,三民第二,150.0
2013-04-24,左營第四,150.0
2013-04-24,鼓山第三,150.0
2013-04-24,楠梓市場,142.0
2013-04-24,三民第一,133.0
2013-04-24,苓雅市場,133.0
2013-04-24,中華市場,133.0
2013-04-24,旗山第一,133.0
2013-04-24,鳳山第一,0.0
2013-04-24,岡山文賢,148.0
2013-04-24,大寮大發,0.0
2013-04-24,橋頭市場,133.0
2013-04-25,國民市場,166.0
2013-04-25,鹽埕示範,150.0
2013-04-25,新興第二,133.0
2013-04-25,三民第二,150.0
2013-04-25,左營第四,150.0
2013-04-25,鼓山第三,150.0
2013-04-25,楠梓市場,142.0
2013-04-25,三民第一,133.0
2013-04-25,苓雅市場,133.0
2013-04-25,中華市場,133.0
2013-04-25,旗山第一,133.0
2013-04-25,鳳山第一,0.0
2013-04-25,岡山文賢,148.0
2013-04-25,大寮大發,0.0
2013-04-25,橋頭市場,133.0
2013-04-26,國民市場,
2013-04-26,鹽埕示範,
2013-04-26,新興第二,
2013-04-26,三民第二,
2013-04-26,左營第四,
2013-04-26,鼓山第三,
2013-04-26,楠梓市場,142.0
2013-04-26,三民第一,
2013-04-26,苓雅市場,
2013-04-26,中華市場,
2013-04-26,旗山第一,133.0
2013-04-26,鳳山第一,
2013-04-26,岡山文賢,148.0
2013-04-26,大寮大發,
2013-04-26,橋頭市場,
2013-04-27,國民市場,166.0
2013-04-27,鹽埕示範,150.0
2013-04-27,新興第二,133.0
2013-04-27,三民第二,150.0
2013-04-27,左營第四,150.0
2013-04-27,鼓山第三,150.0
2013-04-27,楠梓市場,142.0
2013-04-27,三民第一,150.0
2013-04-27,苓雅市場,133.0
2013-04-27,中華市場,133.0
2013-04-27,旗山第一,133.0
2013-04-27,鳳山第一,
2013-04-27,岡山文賢,148.0
2013-04-27,大寮大發,0.0
2013-04-27,橋頭市場,
2013-04-28,國民市場,166.0
2013-04-28,鹽埕示範,150.0
2013-04-28,新興第二,133.0
2013-04-28,三民第二,150.0
2013-04-28,左營第四,150.0
2013-04-28,鼓山第三,
2013-04-28,楠梓市場,
2013-04-28,三民第一,150.0
2013-04-28,苓雅市場,133.0
2013-04-28,中華市場,133.0
2013-04-28,旗山第一,133.0
2013-04-28,鳳山第一,
2013-04-28,岡山文賢,148.0
2013-04-28,大寮大發,0.0
2013-04-28,橋頭市場,
2013-04-29,國民市場,166.0
2013-04-29,鹽埕示範,150.0
2013-04-29,新興第二,133.0
2013-04-29,三民第二,150.0
2013-04-29,左營第四,150.0
2013-04-29,鼓山第三,150.0
2013-04-29,楠梓市場,142.0
2013-04-29,三民第一,150.0
2013-04-29,苓雅市場,133.0
2013-04-29,中華市場,133.0
2013-04-29,旗山第一,133.0
2013-04-29,鳳山第一,0.0
2013-04-29,岡山文賢,150.0
2013-04-29,大寮大發,0.0
2013-04-29,橋頭市場,133.0
2013-04-30,國民市場,166.0
2013-04-30,鹽埕示範,150.0
2013-04-30,新興第二,133.0
2013-04-30,三民第二,150.0
2013-04-30,左營第四,150.0
2013-04-30,鼓山第三,150.0
2013-04-30,楠梓市場,142.0
2013-04-30,三民第一,150.0
2013-04-30,苓雅市場,133.0
2013-04-30,中華市場,133.0
2013-04-30,旗山第一,133.0
2013-04-30,鳳山第一,0.0
2013-04-30,岡山文賢,150.0
2013-04-30,大寮大發,0.0
2013-04-30,橋頭市場,133.0
2013-05-01,國民市場,166.0
2013-05-01,鹽埕示範,150.0
2013-05-01,新興第二,133.0
2013-05-01,三民第二,133.0
2013-05-01,左營第四,150.0
2013-05-01,鼓山第三,150.0
2013-05-01,楠梓市場,142.0
2013-05-01,三民第一,133.0
2013-05-01,苓雅市場,133.0
2013-05-01,中華市場,133.0
2013-05-01,旗山第一,133.0
2013-05-01,鳳山第一,0.0
2013-05-01,岡山文賢,150.0
2013-05-01,大寮大發,0.0
2013-05-01,橋頭市場,133.0
2013-05-02,國民市場,166.0
2013-05-02,鹽埕示範,150.0
2013-05-02,新興第二,133.0
2013-05-02,三民第二,133.0
2013-05-02,左營第四,150.0
2013-05-02,鼓山第三,150.0
2013-05-02,楠梓市場,142.0
2013-05-02,三民第一,133.0
2013-05-02,苓雅市場,133.0
2013-05-02,中華市場,133.0
2013-05-02,旗山第一,133.0
2013-05-02,鳳山第一,0.0
2013-05-02,岡山文賢,150.0
2013-05-02,大寮大發,160.0
2013-05-02,橋頭市場,133.0
2013-05-03,國民市場,166.0
2013-05-03,鹽埕示範,150.0
2013-05-03,新興第二,133.0
2013-05-03,三民第二,133.0
2013-05-03,左營第四,150.0
2013-05-03,鼓山第三,150.0
2013-05-03,楠梓市場,142.0
2013-05-03,三民第一,133.0
2013-05-03,苓雅市場,133.0
2013-05-03,中華市場,133.0
2013-05-03,旗山第一,133.0
2013-05-03,鳳山第一,0.0
2013-05-03,岡山文賢,150.0
2013-05-03,大寮大發,160.0
2013-05-03,橋頭市場,
2013-05-04,國民市場,166.0
2013-05-04,鹽埕示範,150.0
2013-05-04,新興第二,133.0
2013-05-04,三民第二,150.0
2013-05-04,左營第四,150.0
2013-05-04,鼓山第三,150.0
2013-05-04,楠梓市場,142.0
2013-05-04,三民第一,133.0
2013-05-04,苓雅市場,133.0
2013-05-04,中華市場,133.0
2013-05-04,旗山第一,115.0
2013-05-04,鳳山第一,0.0
2013-05-04,岡山文賢,150.0
2013-05-04,大寮大發,160.0
2013-05-04,橋頭市場,133.0
2013-05-05,國民市場,166.0
2013-05-05,鹽埕示範,150.0
2013-05-05,新興第二,133.0
2013-05-05,三民第二,150.0
2013-05-05,左營第四,150.0
2013-05-05,鼓山第三,
2013-05-05,楠梓市場,
2013-05-05,三民第一,133.0
2013-05-05,苓雅市場,133.0
2013-05-05,中華市場,133.0
2013-05-05,旗山第一,115.0
2013-05-05,鳳山第一,
2013-05-05,岡山文賢,150.0
2013-05-05,大寮大發,160.0
2013-05-05,橋頭市場,133.0
2013-05-06,國民市場,150.0
2013-05-06,鹽埕示範,150.0
2013-05-06,新興第二,133.0
2013-05-06,三民第二,150.0
2013-05-06,左營第四,150.0
2013-05-06,鼓山第三,150.0
2013-05-06,楠梓市場,142.0
2013-05-06,三民第一,133.0
2013-05-06,苓雅市場,133.0
2013-05-06,中華市場,133.0
2013-05-06,旗山第一,115.0
2013-05-06,鳳山第一,0.0
2013-05-06,岡山文賢,150.0
2013-05-06,大寮大發,160.0
2013-05-06,橋頭市場,133.0
2013-05-07,國民市場,150.0
2013-05-07,鹽埕示範,150.0
2013-05-07,新興第二,133.0
2013-05-07,三民第二,150.0
2013-05-07,左營第四,150.0
2013-05-07,鼓山第三,150.0
2013-05-07,楠梓市場,142.0
2013-05-07,三民第一,133.0
2013-05-07,苓雅市場,133.0
2013-05-07,中華市場,133.0
2013-05-07,旗山第一,115.0
2013-05-07,鳳山第一,0.0
2013-05-07,岡山文賢,150.0
2013-05-07,大寮大發,160.0
2013-05-07,橋頭市場,133.0
2013-05-08,國民市場,150.0
2013-05-08,鹽埕示範,150.0
2013-05-08,新興第二,133.0
2013-05-08,三民第二,150.0
2013-05-08,左營第四,150.0
2013-05-08,鼓山第三,150.0
2013-05-08,楠梓市場,142.0
2013-05-08,三民第一,150.0
2013-05-08,苓雅市場,133.0
2013-05-08,中華市場,133.0
2013-05-08,旗山第一,115.0
2013-05-08,鳳山第一,0.0
2013-05-08,岡山文賢,150.0
2013-05-08,大寮大發,156.0
2013-05-08,橋頭市場,133.0
2013-05-09,國民市場,150.0
2013-05-09,鹽埕示範,150.0
2013-05-09,新興第二,133.0
2013-05-09,三民第二,150.0
2013-05-09,左營第四,150.0
2013-05-09,鼓山第三,150.0
2013-05-09,楠梓市場,142.0
2013-05-09,三民第一,150.0
2013-05-09,苓雅市場,133.0
2013-05-09,中華市場,133.0
2013-05-09,旗山第一,115.0
2013-05-09,鳳山第一,0.0
2013-05-09,岡山文賢,150.0
2013-05-09,大寮大發,156.0
2013-05-09,橋頭市場,133.0
2013-05-10,國民市場,150.0
2013-05-10,鹽埕示範,150.0
2013-05-10,新興第二,133.0
2013-05-10,三民第二,150.0
2013-05-10,左營第四,150.0
2013-05-10,鼓山第三,150.0
2013-05-10,楠梓市場,142.0
2013-05-10,三民第一,150.0
2013-05-10,苓雅市場,133.0
2013-05-10,中華市場,133.0
2013-05-10,旗山第一,115.0
2013-05-10,鳳山第一,0.0
2013-05-10,岡山文賢,150.0
2013-05-10,大寮大發,0.0
2013-05-10,橋頭市場,133.0
2013-05-11,國民市場,166.0
2013-05-11,鹽埕示範,150.0
2013-05-11,新興第二,133.0
2013-05-11,三民第二,150.0
2013-05-11,左營第四,150.0
2013-05-11,鼓山第三,150.0
2013-05-11,楠梓市場,142.0
2013-05-11,三民第一,150.0
2013-05-11,苓雅市場,133.0
2013-05-11,中華市場,133.0
2013-05-11,旗山第一,115.0
2013-05-11,鳳山第一,0.0
2013-05-11,岡山文賢,150.0
2013-05-11,大寮大發,0.0
2013-05-11,橋頭市場,133.0
2013-05-12,國民市場,166.0
2013-05-12,鹽埕示範,150.0
2013-05-12,新興第二,133.0
2013-05-12,三民第二,150.0
2013-05-12,左營第四,150.0
2013-05-12,鼓山第三,150.0
2013-05-12,楠梓市場,142.0
2013-05-12,三民第一,150.0
2013-05-12,苓雅市場,133.0
2013-05-12,中華市場,133.0
2013-05-12,旗山第一,115.0
2013-05-12,鳳山第一,
2013-05-12,岡山文賢,150.0
2013-05-12,大寮大發,0.0
2013-05-12,橋頭市場,133.0
2013-05-13,國民市場,166.0
2013-05-13,鹽埕示範,150.0
2013-05-13,新興第二,133.0
2013-05-13,三民第二,150.0
2013-05-13,左營第四,150.0
2013-05-13,鼓山第三,150.0
2013-05-13,楠梓市場,142.0
2013-05-13,三民第一,150.0
2013-05-13,苓雅市場,133.0
2013-05-13,中華市場,133.0
2013-05-13,旗山第一,115.0
2013-05-13,鳳山第一,0.0
2013-05-13,岡山文賢,150.0
2013-05-13,大寮大發,0.0
2013-05-13,橋頭市場,133.0
2013-05-14,國民市場,150.0
2013-05-14,鹽埕示範,150.0
2013-05-14,新興第二,133.0
2013-05-14,三民第二,150.0
2013-05-14,左營第四,150.0
2013-05-14,鼓山第三,150.0
2013-05-14,楠梓市場,142.0
2013-05-14,三民第一,150.0
2013-05-14,苓雅市場,150.0
2013-05-14,中華市場,133.0
2013-05-14,旗山第一,115.0
2013-05-14,鳳山第一,0.0
2013-05-14,岡山文賢,150.0
2013-05-14,大寮大發,0.0
2013-05-14,橋頭市場,133.0
2013-05-15,國民市場,150.0
2013-05-15,鹽埕示範,150.0
2013-05-15,新興第二,133.0
2013-05-15,三民第二,150.0
2013-05-15,左營第四,150.0
2013-05-15,鼓山第三,150.0
2013-05-15,楠梓市場,142.0
2013-05-15,三民第一,150.0
2013-05-15,苓雅市場,150.0
2013-05-15,中華市場,133.0
2013-05-15,旗山第一,115.0
2013-05-15,鳳山第一,0.0
2013-05-15,岡山文賢,150.0
2013-05-15,大寮大發,0.0
2013-05-15,橋頭市場,133.0
2013-05-16,國民市場,166.0
2013-05-16,鹽埕示範,150.0
2013-05-16,新興第二,133.0
2013-05-16,三民第二,150.0
2013-05-16,左營第四,150.0
2013-05-16,鼓山第三,150.0
2013-05-16,楠梓市場,142.0
2013-05-16,三民第一,150.0
2013-05-16,苓雅市場,150.0
2013-05-16,中華市場,133.0
2013-05-16,旗山第一,115.0
2013-05-16,鳳山第一,0.0
2013-05-16,岡山文賢,150.0
2013-05-16,大寮大發,0.0
2013-05-16,橋頭市場,133.0
2013-05-17,國民市場,166.0
2013-05-17,鹽埕示範,150.0
2013-05-17,新興第二,133.0
2013-05-17,三民第二,150.0
2013-05-17,左營第四,150.0
2013-05-17,鼓山第三,150.0
2013-05-17,楠梓市場,142.0
2013-05-17,三民第一,150.0
2013-05-17,苓雅市場,150.0
2013-05-17,中華市場,133.0
2013-05-17,旗山第一,115.0
2013-05-17,鳳山第一,0.0
2013-05-17,岡山文賢,150.0
2013-05-17,大寮大發,0.0
2013-05-17,橋頭市場,133.0
2013-05-18,國民市場,166.0
2013-05-18,鹽埕示範,150.0
2013-05-18,新興第二,133.0
2013-05-18,三民第二,150.0
2013-05-18,左營第四,150.0
2013-05-18,鼓山第三,150.0
2013-05-18,楠梓市場,142.0
2013-05-18,三民第一,150.0
2013-05-18,苓雅市場,150.0
2013-05-18,中華市場,133.0
2013-05-18,旗山第一,115.0
2013-05-18,鳳山第一,0.0
2013-05-18,岡山文賢,150.0
2013-05-18,大寮大發,0.0
2013-05-18,橋頭市場,133.0
2013-05-19,國民市場,166.0
2013-05-19,鹽埕示範,150.0
2013-05-19,新興第二,133.0
2013-05-19,三民第二,150.0
2013-05-19,左營第四,150.0
2013-05-19,鼓山第三,150.0
2013-05-19,楠梓市場,
2013-05-19,三民第一,150.0
2013-05-19,苓雅市場,150.0
2013-05-19,中華市場,133.0
2013-05-19,旗山第一,115.0
2013-05-19,鳳山第一,
2013-05-19,岡山文賢,150.0
2013-05-19,大寮大發,0.0
2013-05-19,橋頭市場,133.0
2013-05-20,國民市場,166.0
2013-05-20,鹽埕示範,150.0
2013-05-20,新興第二,133.0
2013-05-20,三民第二,150.0
2013-05-20,左營第四,150.0
2013-05-20,鼓山第三,150.0
2013-05-20,楠梓市場,133.0
2013-05-20,三民第一,150.0
2013-05-20,苓雅市場,150.0
2013-05-20,中華市場,133.0
2013-05-20,旗山第一,115.0
2013-05-20,鳳山第一,0.0
2013-05-20,岡山文賢,150.0
2013-05-20,大寮大發,0.0
2013-05-20,橋頭市場,150.0
2013-05-21,國民市場,166.0
2013-05-21,鹽埕示範,150.0
2013-05-21,新興第二,133.0
2013-05-21,三民第二,150.0
2013-05-21,左營第四,150.0
2013-05-21,鼓山第三,150.0
2013-05-21,楠梓市場,133.0
2013-05-21,三民第一,150.0
2013-05-21,苓雅市場,150.0
2013-05-21,中華市場,133.0
2013-05-21,旗山第一,0.0
2013-05-21,鳳山第一,0.0
2013-05-21,岡山文賢,150.0
2013-05-21,大寮大發,0.0
2013-05-21,橋頭市場,150.0
2013-05-22,國民市場,150.0
2013-05-22,鹽埕示範,150.0
2013-05-22,新興第二,133.0
2013-05-22,三民第二,150.0
2013-05-22,左營第四,150.0
2013-05-22,鼓山第三,150.0
2013-05-22,楠梓市場,133.0
2013-05-22,三民第一,150.0
2013-05-22,苓雅市場,150.0
2013-05-22,中華市場,133.0
2013-05-22,旗山第一,115.0
2013-05-22,鳳山第一,0.0
2013-05-22,岡山文賢,150.0
2013-05-22,大寮大發,0.0
2013-05-22,橋頭市場,150.0
2013-05-23,國民市場,150.0
2013-05-23,鹽埕示範,150.0
2013-05-23,新興第二,133.0
2013-05-23,三民第二,150.0
2013-05-23,左營第四,150.0
2013-05-23,鼓山第三,150.0
2013-05-23,楠梓市場,133.0
2013-05-23,三民第一,150.0
2013-05-23,苓雅市場,150.0
2013-05-23,中華市場,133.0
2013-05-23,旗山第一,115.0
2013-05-23,鳳山第一,0.0
2013-05-23,岡山文賢,150.0
2013-05-23,大寮大發,0.0
2013-05-23,橋頭市場,150.0
2013-05-24,國民市場,150.0
2013-05-24,鹽埕示範,150.0
2013-05-24,新興第二,133.0
2013-05-24,三民第二,133.0
2013-05-24,左營第四,150.0
2013-05-24,鼓山第三,150.0
2013-05-24,楠梓市場,133.0
2013-05-24,三民第一,150.0
2013-05-24,苓雅市場,150.0
2013-05-24,中華市場,133.0
2013-05-24,旗山第一,115.0
2013-05-24,鳳山第一,0.0
2013-05-24,岡山文賢,150.0
2013-05-24,大寮大發,0.0
2013-05-24,橋頭市場,150.0
2013-05-25,國民市場,150.0
2013-05-25,鹽埕示範,150.0
2013-05-25,新興第二,133.0
2013-05-25,三民第二,133.0
2013-05-25,左營第四,150.0
2013-05-25,鼓山第三,150.0
2013-05-25,楠梓市場,133.0
2013-05-25,三民第一,150.0
2013-05-25,苓雅市場,150.0
2013-05-25,中華市場,133.0
2013-05-25,旗山第一,115.0
2013-05-25,鳳山第一,
2013-05-25,岡山文賢,150.0
2013-05-25,大寮大發,0.0
2013-05-25,橋頭市場,
2013-05-26,國民市場,
2013-05-26,鹽埕示範,
2013-05-26,新興第二,
2013-05-26,三民第二,
2013-05-26,左營第四,
2013-05-26,鼓山第三,
2013-05-26,楠梓市場,
2013-05-26,三民第一,150.0
2013-05-26,苓雅市場,
2013-05-26,中華市場,
2013-05-26,旗山第一,115.0
2013-05-26,鳳山第一,
2013-05-26,岡山文賢,150.0
2013-05-26,大寮大發,
2013-05-26,橋頭市場,
2013-05-27,國民市場,150.0
2013-05-27,鹽埕示範,150.0
2013-05-27,新興第二,133.0
2013-05-27,三民第二,133.0
2013-05-27,左營第四,150.0
2013-05-27,鼓山第三,150.0
2013-05-27,楠梓市場,133.0
2013-05-27,三民第一,150.0
2013-05-27,苓雅市場,150.0
2013-05-27,中華市場,133.0
2013-05-27,旗山第一,115.0
2013-05-27,鳳山第一,0.0
2013-05-27,岡山文賢,132.0
2013-05-27,大寮大發,0.0
2013-05-27,橋頭市場,150.0
2013-05-28,國民市場,150.0
2013-05-28,鹽埕示範,150.0
2013-05-28,新興第二,133.0
2013-05-28,三民第二,150.0
2013-05-28,左營第四,150.0
2013-05-28,鼓山第三,150.0
2013-05-28,楠梓市場,133.0
2013-05-28,三民第一,150.0
2013-05-28,苓雅市場,150.0
2013-05-28,中華市場,133.0
2013-05-28,旗山第一,115.0
2013-05-28,鳳山第一,0.0
2013-05-28,岡山文賢,132.0
2013-05-28,大寮大發,0.0
2013-05-28,橋頭市場,150.0
2013-05-29,國民市場,150.0
2013-05-29,鹽埕示範,150.0
2013-05-29,新興第二,133.0
2013-05-29,三民第二,150.0
2013-05-29,左營第四,150.0
2013-05-29,鼓山第三,150.0
2013-05-29,楠梓市場,133.0
2013-05-29,三民第一,150.0
2013-05-29,苓雅市場,150.0
2013-05-29,中華市場,133.0
2013-05-29,旗山第一,115.0
2013-05-29,鳳山第一,0.0
2013-05-29,岡山文賢,132.0
2013-05-29,大寮大發,0.0
2013-05-29,橋頭市場,150.0
2013-05-30,國民市場,150.0
2013-05-30,鹽埕示範,150.0
2013-05-30,新興第二,133.0
2013-05-30,三民第二,150.0
2013-05-30,左營第四,150.0
2013-05-30,鼓山第三,150.0
2013-05-30,楠梓市場,133.0
2013-05-30,三民第一,150.0
2013-05-30,苓雅市場,150.0
2013-05-30,中華市場,133.0
2013-05-30,旗山第一,115.0
2013-05-30,鳳山第一,0.0
2013-05-30,岡山文賢,132.0
2013-05-30,大寮大發,0.0
2013-05-30,橋頭市場,150.0
2013-05-31,國民市場,117.0
2013-05-31,鹽埕示範,150.0
2013-05-31,新興第二,133.0
2013-05-31,三民第二,150.0
2013-05-31,左營第四,150.0
2013-05-31,鼓山第三,150.0
2013-05-31,楠梓市場,133.0
2013-05-31,三民第一,150.0
2013-05-31,苓雅市場,150.0
2013-05-31,中華市場,133.0
2013-05-31,旗山第一,115.0
2013-05-31,鳳山第一,0.0
2013-05-31,岡山文賢,132.0
2013-05-31,大寮大發,0.0
2013-05-31,橋頭市場,150.0
2013-06-01,國民市場,117.0
2013-06-01,鹽埕示範,150.0
2013-06-01,新興第二,133.0
2013-06-01,三民第二,150.0
2013-06-01,左營第四,133.0
2013-06-01,鼓山第三,150.0
2013-06-01,楠梓市場,133.0
2013-06-01,三民第一,150.0
2013-06-01,苓雅市場,150.0
2013-06-01,中華市場,133.0
2013-06-01,旗山第一,115.0
2013-06-01,鳳山第一,0.0
2013-06-01,岡山文賢,132.0
2013-06-01,大寮大發,0.0
2013-06-01,橋頭市場,150.0
2013-06-02,國民市場,117.0
2013-06-02,鹽埕示範,150.0
2013-06-02,新興第二,133.0
2013-06-02,三民第二,150.0
2013-06-02,左營第四,133.0
2013-06-02,鼓山第三,150.0
2013-06-02,楠梓市場,133.0
2013-06-02,三民第一,150.0
2013-06-02,苓雅市場,150.0
2013-06-02,中華市場,133.0
2013-06-02,旗山第一,115.0
2013-06-02,鳳山第一,
2013-06-02,岡山文賢,132.0
2013-06-02,大寮大發,0.0
2013-06-02,橋頭市場,150.0
2013-06-03,國民市場,117.0
2013-06-03,鹽埕示範,150.0
2013-06-03,新興第二,133.0
2013-06-03,三民第二,150.0
2013-06-03,左營第四,150.0
2013-06-03,鼓山第三,150.0
2013-06-03,楠梓市場,0.0
2013-06-03,三民第一,150.0
2013-06-03,苓雅市場,150.0
2013-06-03,中華市場,133.0
2013-06-03,旗山第一,115.0
2013-06-03,鳳山第一,0.0
2013-06-03,岡山文賢,98.0
2013-06-03,大寮大發,0.0
2013-06-03,橋頭市場,133.0
2013-06-04,國民市場,117.0
2013-06-04,鹽埕示範,150.0
2013-06-04,新興第二,133.0
2013-06-04,三民第二,150.0
2013-06-04,左營第四,150.0
2013-06-04,鼓山第三,150.0
2013-06-04,楠梓市場,0.0
2013-06-04,三民第一,150.0
2013-06-04,苓雅市場,150.0
2013-06-04,中華市場,133.0
2013-06-04,旗山第一,115.0
2013-06-04,鳳山第一,0.0
2013-06-04,岡山文賢,98.0
2013-06-04,大寮大發,0.0
2013-06-04,橋頭市場,133.0
2013-06-05,國民市場,117.0
2013-06-05,鹽埕示範,150.0
2013-06-05,新興第二,133.0
2013-06-05,三民第二,133.0
2013-06-05,左營第四,133.0
2013-06-05,鼓山第三,150.0
2013-06-05,楠梓市場,0.0
2013-06-05,三民第一,150.0
2013-06-05,苓雅市場,150.0
2013-06-05,中華市場,116.0
2013-06-05,旗山第一,108.0
2013-06-05,鳳山第一,0.0
2013-06-05,岡山文賢,98.0
2013-06-05,大寮大發,0.0
2013-06-05,橋頭市場,133.0
2013-06-06,國民市場,117.0
2013-06-06,鹽埕示範,150.0
2013-06-06,新興第二,133.0
2013-06-06,三民第二,133.0
2013-06-06,左營第四,133.0
2013-06-06,鼓山第三,150.0
2013-06-06,楠梓市場,0.0
2013-06-06,三民第一,150.0
2013-06-06,苓雅市場,117.0
2013-06-06,中華市場,116.0
2013-06-06,旗山第一,108.0
2013-06-06,鳳山第一,0.0
2013-06-06,岡山文賢,98.0
2013-06-06,大寮大發,0.0
2013-06-06,橋頭市場,133.0
2013-06-07,國民市場,117.0
2013-06-07,鹽埕示範,150.0
2013-06-07,新興第二,133.0
2013-06-07,三民第二,133.0
2013-06-07,左營第四,133.0
2013-06-07,鼓山第三,150.0
2013-06-07,楠梓市場,0.0
2013-06-07,三民第一,150.0
2013-06-07,苓雅市場,117.0
2013-06-07,中華市場,116.0
2013-06-07,旗山第一,108.0
2013-06-07,鳳山第一,0.0
2013-06-07,岡山文賢,98.0
2013-06-07,大寮大發,0.0
2013-06-07,橋頭市場,133.0
2013-06-08,國民市場,117.0
2013-06-08,鹽埕示範,150.0
2013-06-08,新興第二,133.0
2013-06-08,三民第二,133.0
2013-06-08,左營第四,133.0
2013-06-08,鼓山第三,150.0
2013-06-08,楠梓市場,0.0
2013-06-08,三民第一,150.0
2013-06-08,苓雅市場,117.0
2013-06-08,中華市場,116.0
2013-06-08,旗山第一,108.0
2013-06-08,鳳山第一,0.0
2013-06-08,岡山文賢,98.0
2013-06-08,大寮大發,0.0
2013-06-08,橋頭市場,98.0
2013-06-09,國民市場,117.0
2013-06-09,鹽埕示範,150.0
2013-06-09,新興第二,133.0
2013-06-09,三民第二,133.0
2013-06-09,左營第四,133.0
2013-06-09,鼓山第三,150.0
2013-06-09,楠梓市場,0.0
2013-06-09,三民第一,150.0
2013-06-09,苓雅市場,117.0
2013-06-09,中華市場,116.0
2013-06-09,旗山第一,108.0
2013-06-09,鳳山第一,
2013-06-09,岡山文賢,98.0
2013-06-09,大寮大發,0.0
2013-06-09,橋頭市場,98.0
2013-06-10,國民市場,100.0
2013-06-10,鹽埕示範,150.0
2013-06-10,新興第二,133.0
2013-06-10,三民第二,133.0
2013-06-10,左營第四,133.0
2013-06-10,鼓山第三,150.0
2013-06-10,楠梓市場,0.0
2013-06-10,三民第一,150.0
2013-06-10,苓雅市場,117.0
2013-06-10,中華市場,116.0
2013-06-10,旗山第一,108.0
2013-06-10,鳳山第一,0.0
2013-06-10,岡山文賢,82.0
2013-06-10,大寮大發,0.0
2013-06-10,橋頭市場,116.0
2013-06-11,國民市場,100.0
2013-06-11,鹽埕示範,150.0
2013-06-11,新興第二,133.0
2013-06-11,三民第二,150.0
2013-06-11,左營第四,116.0
2013-06-11,鼓山第三,150.0
2013-06-11,楠梓市場,0.0
2013-06-11,三民第一,150.0
2013-06-11,苓雅市場,117.0
2013-06-11,中華市場,116.0
2013-06-11,旗山第一,0.0
2013-06-11,鳳山第一,0.0
2013-06-11,岡山文賢,82.0
2013-06-11,大寮大發,0.0
2013-06-11,橋頭市場,116.0
2013-06-12,國民市場,100.0
2013-06-12,鹽埕示範,150.0
2013-06-12,新興第二,133.0
2013-06-12,三民第二,150.0
2013-06-12,左營第四,116.0
2013-06-12,鼓山第三,150.0
2013-06-12,楠梓市場,0.0
2013-06-12,三民第一,150.0
2013-06-12,苓雅市場,117.0
2013-06-12,中華市場,116.0
2013-06-12,旗山第一,108.0
2013-06-12,鳳山第一,0.0
2013-06-12,岡山文賢,82.0
2013-06-12,大寮大發,0.0
2013-06-12,橋頭市場,
2013-06-13,國民市場,100.0
2013-06-13,鹽埕示範,150.0
2013-06-13,新興第二,133.0
2013-06-13,三民第二,150.0
2013-06-13,左營第四,116.0
2013-06-13,鼓山第三,150.0
2013-06-13,楠梓市場,0.0
2013-06-13,三民第一,150.0
2013-06-13,苓雅市場,150.0
2013-06-13,中華市場,116.0
2013-06-13,旗山第一,108.0
2013-06-13,鳳山第一,0.0
2013-06-13,岡山文賢,82.0
2013-06-13,大寮大發,0.0
2013-06-13,橋頭市場,116.0
2013-06-14,國民市場,100.0
2013-06-14,鹽埕示範,120.0
2013-06-14,新興第二,133.0
2013-06-14,三民第二,150.0
2013-06-14,左營第四,116.0
2013-06-14,鼓山第三,150.0
2013-06-14,楠梓市場,0.0
2013-06-14,三民第一,150.0
2013-06-14,苓雅市場,116.0
2013-06-14,中華市場,116.0
2013-06-14,旗山第一,108.0
2013-06-14,鳳山第一,0.0
2013-06-14,岡山文賢,82.0
2013-06-14,大寮大發,0.0
2013-06-14,橋頭市場,116.0
2013-06-15,國民市場,100.0
2013-06-15,鹽埕示範,120.0
2013-06-15,新興第二,133.0
2013-06-15,三民第二,150.0
2013-06-15,左營第四,116.0
2013-06-15,鼓山第三,150.0
2013-06-15,楠梓市場,0.0
2013-06-15,三民第一,150.0
2013-06-15,苓雅市場,116.0
2013-06-15,中華市場,116.0
2013-06-15,旗山第一,108.0
2013-06-15,鳳山第一,0.0
2013-06-15,岡山文賢,82.0
2013-06-15,大寮大發,0.0
2013-06-15,橋頭市場,
2013-06-16,國民市場,100.0
2013-06-16,鹽埕示範,117.0
2013-06-16,新興第二,133.0
2013-06-16,三民第二,133.0
2013-06-16,左營第四,100.0
2013-06-16,鼓山第三,150.0
2013-06-16,楠梓市場,0.0
2013-06-16,三民第一,150.0
2013-06-16,苓雅市場,116.0
2013-06-16,中華市場,116.0
2013-06-16,旗山第一,108.0
2013-06-16,鳳山第一,
2013-06-16,岡山文賢,82.0
2013-06-16,大寮大發,0.0
2013-06-16,橋頭市場,
2013-06-17,國民市場,100.0
2013-06-17,鹽埕示範,117.0
2013-06-17,新興第二,133.0
2013-06-17,三民第二,133.0
2013-06-17,左營第四,100.0
2013-06-17,鼓山第三,100.0
2013-06-17,楠梓市場,0.0
2013-06-17,三民第一,150.0
2013-06-17,苓雅市場,116.0
2013-06-17,中華市場,116.0
2013-06-17,旗山第一,108.0
2013-06-17,鳳山第一,0.0
2013-06-17,岡山文賢,82.0
2013-06-17,大寮大發,0.0
2013-06-17,橋頭市場,116.0
2013-06-18,國民市場,117.0
2013-06-18,鹽埕示範,117.0
2013-06-18,新興第二,133.0
2013-06-18,三民第二,133.0
2013-06-18,左營第四,100.0
2013-06-18,鼓山第三,116.0
2013-06-18,楠梓市場,0.0
2013-06-18,三民第一,150.0
2013-06-18,苓雅市場,116.0
2013-06-18,中華市場,116.0
2013-06-18,旗山第一,98.0
2013-06-18,鳳山第一,0.0
2013-06-18,岡山文賢,82.0
2013-06-18,大寮大發,0.0
2013-06-18,橋頭市場,116.0
2013-06-19,國民市場,117.0
2013-06-19,鹽埕示範,117.0
2013-06-19,新興第二,133.0
2013-06-19,三民第二,133.0
2013-06-19,左營第四,100.0
2013-06-19,鼓山第三,116.0
2013-06-19,楠梓市場,0.0
2013-06-19,三民第一,150.0
2013-06-19,苓雅市場,116.0
2013-06-19,中華市場,116.0
2013-06-19,旗山第一,98.0
2013-06-19,鳳山第一,0.0
2013-06-19,岡山文賢,82.0
2013-06-19,大寮大發,0.0
2013-06-19,橋頭市場,116.0
2013-06-20,國民市場,117.0
2013-06-20,鹽埕示範,117.0
2013-06-20,新興第二,133.0
2013-06-20,三民第二,133.0
2013-06-20,左營第四,100.0
2013-06-20,鼓山第三,116.0
2013-06-20,楠梓市場,150.0
2013-06-20,三民第一,150.0
2013-06-20,苓雅市場,116.0
2013-06-20,中華市場,116.0
2013-06-20,旗山第一,98.0
2013-06-20,鳳山第一,0.0
2013-06-20,岡山文賢,82.0
2013-06-20,大寮大發,0.0
2013-06-20,橋頭市場,116.0
2013-06-21,國民市場,133.0
2013-06-21,鹽埕示範,117.0
2013-06-21,新興第二,133.0
2013-06-21,三民第二,133.0
2013-06-21,左營第四,100.0
2013-06-21,鼓山第三,116.0
2013-06-21,楠梓市場,150.0
2013-06-21,三民第一,150.0
2013-06-21,苓雅市場,116.0
2013-06-21,中華市場,116.0
2013-06-21,旗山第一,98.0
2013-06-21,鳳山第一,0.0
2013-06-21,岡山文賢,82.0
2013-06-21,大寮大發,0.0
2013-06-21,橋頭市場,116.0
2013-06-22,國民市場,133.0
2013-06-22,鹽埕示範,117.0
2013-06-22,新興第二,133.0
2013-06-22,三民第二,133.0
2013-06-22,左營第四,100.0
2013-06-22,鼓山第三,116.0
2013-06-22,楠梓市場,150.0
2013-06-22,三民第一,150.0
2013-06-22,苓雅市場,116.0
2013-06-22,中華市場,116.0
2013-06-22,旗山第一,98.0
2013-06-22,鳳山第一,0.0
2013-06-22,岡山文賢,82.0
2013-06-22,大寮大發,0.0
2013-06-22,橋頭市場,116.0
2013-06-23,國民市場,133.0
2013-06-23,鹽埕示範,117.0
2013-06-23,新興第二,133.0
2013-06-23,三民第二,133.0
2013-06-23,左營第四,100.0
2013-06-23,鼓山第三,116.0
2013-06-23,楠梓市場,150.0
2013-06-23,三民第一,150.0
2013-06-23,苓雅市場,116.0
2013-06-23,中華市場,116.0
2013-06-23,旗山第一,98.0
2013-06-23,鳳山第一,
2013-06-23,岡山文賢,82.0
2013-06-23,大寮大發,0.0
2013-06-23,橋頭市場,116.0
2013-06-24,國民市場,
2013-06-24,鹽埕示範,
2013-06-24,新興第二,
2013-06-24,三民第二,
2013-06-24,左營第四,
2013-06-24,鼓山第三,
2013-06-24,楠梓市場,
2013-06-24,三民第一,
2013-06-24,苓雅市場,
2013-06-24,中華市場,
2013-06-24,旗山第一,98.0
2013-06-24,鳳山第一,
2013-06-24,岡山文賢,82.0
2013-06-24,大寮大發,
2013-06-24,橋頭市場,
2013-06-25,國民市場,125.0
2013-06-25,鹽埕示範,117.0
2013-06-25,新興第二,133.0
2013-06-25,三民第二,133.0
2013-06-25,左營第四,100.0
2013-06-25,鼓山第三,116.0
2013-06-25,楠梓市場,150.0
2013-06-25,三民第一,150.0
2013-06-25,苓雅市場,116.0
2013-06-25,中華市場,116.0
2013-06-25,旗山第一,98.0
2013-06-25,鳳山第一,0.0
2013-06-25,岡山文賢,82.0
2013-06-25,大寮大發,0.0
2013-06-25,橋頭市場,116.0
2013-06-26,國民市場,125.0
2013-06-26,鹽埕示範,117.0
2013-06-26,新興第二,133.0
2013-06-26,三民第二,116.0
2013-06-26,左營第四,100.0
2013-06-26,鼓山第三,116.0
2013-06-26,楠梓市場,150.0
2013-06-26,三民第一,150.0
2013-06-26,苓雅市場,116.0
2013-06-26,中華市場,116.0
2013-06-26,旗山第一,98.0
2013-06-26,鳳山第一,0.0
2013-06-26,岡山文賢,82.0
2013-06-26,大寮大發,0.0
2013-06-26,橋頭市場,116.0
2013-06-27,國民市場,125.0
2013-06-27,鹽埕示範,117.0
2013-06-27,新興第二,133.0
2013-06-27,三民第二,116.0
2013-06-27,左營第四,100.0
2013-06-27,鼓山第三,116.0
2013-06-27,楠梓市場,150.0
2013-06-27,三民第一,150.0
2013-06-27,苓雅市場,116.0
2013-06-27,中華市場,116.0
2013-06-27,旗山第一,98.0
2013-06-27,鳳山第一,0.0
2013-06-27,岡山文賢,82.0
2013-06-27,大寮大發,0.0
2013-06-27,橋頭市場,116.0
2013-06-28,國民市場,125.0
2013-06-28,鹽埕示範,117.0
2013-06-28,新興第二,133.0
2013-06-28,三民第二,116.0
2013-06-28,左營第四,100.0
2013-06-28,鼓山第三,116.0
2013-06-28,楠梓市場,150.0
2013-06-28,三民第一,150.0
2013-06-28,苓雅市場,116.0
2013-06-28,中華市場,100.0
2013-06-28,旗山第一,98.0
2013-06-28,鳳山第一,0.0
2013-06-28,岡山文賢,82.0
2013-06-28,大寮大發,0.0
2013-06-28,橋頭市場,116.0
2013-06-29,國民市場,
2013-06-29,鹽埕示範,117.0
2013-06-29,新興第二,133.0
2013-06-29,三民第二,116.0
2013-06-29,左營第四,100.0
2013-06-29,鼓山第三,116.0
2013-06-29,楠梓市場,150.0
2013-06-29,三民第一,150.0
2013-06-29,苓雅市場,116.0
2013-06-29,中華市場,100.0
2013-06-29,旗山第一,98.0
2013-06-29,鳳山第一,0.0
2013-06-29,岡山文賢,82.0
2013-06-29,大寮大發,0.0
2013-06-29,橋頭市場,
2013-06-30,國民市場,133.0
2013-06-30,鹽埕示範,117.0
2013-06-30,新興第二,133.0
2013-06-30,三民第二,116.0
2013-06-30,左營第四,100.0
2013-06-30,鼓山第三,116.0
2013-06-30,楠梓市場,150.0
2013-06-30,三民第一,150.0
2013-06-30,苓雅市場,116.0
2013-06-30,中華市場,100.0
2013-06-30,旗山第一,98.0
2013-06-30,鳳山第一,
2013-06-30,岡山文賢,82.0
2013-06-30,大寮大發,0.0
2013-06-30,橋頭市場,
2013-07-01,國民市場,133.0
2013-07-01,鹽埕示範,117.0
2013-07-01,新興第二,133.0
2013-07-01,三民第二,116.0
2013-07-01,左營第四,100.0
2013-07-01,鼓山第三,116.0
2013-07-01,楠梓市場,150.0
2013-07-01,三民第一,150.0
2013-07-01,苓雅市場,116.0
2013-07-01,中華市場,100.0
2013-07-01,旗山第一,98.0
2013-07-01,鳳山第一,0.0
2013-07-01,岡山文賢,82.0
2013-07-01,大寮大發,0.0
2013-07-01,橋頭市場,100.0
2013-07-02,國民市場,
2013-07-02,鹽埕示範,117.0
2013-07-02,新興第二,133.0
2013-07-02,三民第二,116.0
2013-07-02,左營第四,100.0
2013-07-02,鼓山第三,116.0
2013-07-02,楠梓市場,150.0
2013-07-02,三民第一,150.0
2013-07-02,苓雅市場,116.0
2013-07-02,中華市場,100.0
2013-07-02,旗山第一,98.0
2013-07-02,鳳山第一,0.0
2013-07-02,岡山文賢,82.0
2013-07-02,大寮大發,0.0
2013-07-02,橋頭市場,100.0
2013-07-03,國民市場,133.0
2013-07-03,鹽埕示範,117.0
2013-07-03,新興第二,133.0
2013-07-03,三民第二,116.0
2013-07-03,左營第四,100.0
2013-07-03,鼓山第三,116.0
2013-07-03,楠梓市場,150.0
2013-07-03,三民第一,150.0
2013-07-03,苓雅市場,116.0
2013-07-03,中華市場,100.0
2013-07-03,旗山第一,98.0
2013-07-03,鳳山第一,0.0
2013-07-03,岡山文賢,82.0
2013-07-03,大寮大發,0.0
2013-07-03,橋頭市場,100.0
2013-07-04,國民市場,133.0
2013-07-04,鹽埕示範,117.0
2013-07-04,新興第二,133.0
2013-07-04,三民第二,116.0
2013-07-04,左營第四,83.0
2013-07-04,鼓山第三,116.0
2013-07-04,楠梓市場,150.0
2013-07-04,三民第一,150.0
2013-07-04,苓雅市場,116.0
2013-07-04,中華市場,100.0
2013-07-04,旗山第一,0.0
2013-07-04,鳳山第一,0.0
2013-07-04,岡山文賢,82.0
2013-07-04,大寮大發,0.0
2013-07-04,橋頭市場,100.0
2013-07-05,國民市場,133.0
2013-07-05,鹽埕示範,117.0
2013-07-05,新興第二,133.0
2013-07-05,三民第二,116.0
2013-07-05,左營第四,83.0
2013-07-05,鼓山第三,116.0
2013-07-05,楠梓市場,150.0
2013-07-05,三民第一,150.0
2013-07-05,苓雅市場,116.0
2013-07-05,中華市場,100.0
2013-07-05,旗山第一,98.0
2013-07-05,鳳山第一,0.0
2013-07-05,岡山文賢,82.0
2013-07-05,大寮大發,0.0
2013-07-05,橋頭市場,100.0
2013-07-06,國民市場,133.0
2013-07-06,鹽埕示範,117.0
2013-07-06,新興第二,133.0
2013-07-06,三民第二,116.0
2013-07-06,左營第四,83.0
2013-07-06,鼓山第三,116.0
2013-07-06,楠梓市場,150.0
2013-07-06,三民第一,150.0
2013-07-06,苓雅市場,116.0
2013-07-06,中華市場,100.0
2013-07-06,旗山第一,98.0
2013-07-06,鳳山第一,0.0
2013-07-06,岡山文賢,82.0
2013-07-06,大寮大發,0.0
2013-07-06,橋頭市場,
2013-07-07,國民市場,133.0
2013-07-07,鹽埕示範,117.0
2013-07-07,新興第二,133.0
2013-07-07,三民第二,116.0
2013-07-07,左營第四,83.0
2013-07-07,鼓山第三,116.0
2013-07-07,楠梓市場,150.0
2013-07-07,三民第一,150.0
2013-07-07,苓雅市場,116.0
2013-07-07,中華市場,100.0
2013-07-07,旗山第一,98.0
2013-07-07,鳳山第一,
2013-07-07,岡山文賢,82.0
2013-07-07,大寮大發,0.0
2013-07-07,橋頭市場,100.0
2013-07-08,國民市場,133.0
2013-07-08,鹽埕示範,117.0
2013-07-08,新興第二,133.0
2013-07-08,三民第二,116.0
2013-07-08,左營第四,100.0
2013-07-08,鼓山第三,116.0
2013-07-08,楠梓市場,117.0
2013-07-08,三民第一,150.0
2013-07-08,苓雅市場,116.0
2013-07-08,中華市場,100.0
2013-07-08,旗山第一,98.0
2013-07-08,鳳山第一,0.0
2013-07-08,岡山文賢,82.0
2013-07-08,大寮大發,0.0
2013-07-08,橋頭市場,100.0
2013-07-09,國民市場,133.0
2013-07-09,鹽埕示範,117.0
2013-07-09,新興第二,133.0
2013-07-09,三民第二,116.0
2013-07-09,左營第四,100.0
2013-07-09,鼓山第三,116.0
2013-07-09,楠梓市場,117.0
2013-07-09,三民第一,150.0
2013-07-09,苓雅市場,100.0
2013-07-09,中華市場,100.0
2013-07-09,旗山第一,98.0
2013-07-09,鳳山第一,0.0
2013-07-09,岡山文賢,82.0
2013-07-09,大寮大發,0.0
2013-07-09,橋頭市場,100.0
2013-07-10,國民市場,133.0
2013-07-10,鹽埕示範,117.0
2013-07-10,新興第二,133.0
2013-07-10,三民第二,116.0
2013-07-10,左營第四,100.0
2013-07-10,鼓山第三,116.0
2013-07-10,楠梓市場,117.0
2013-07-10,三民第一,150.0
2013-07-10,苓雅市場,100.0
2013-07-10,中華市場,100.0
2013-07-10,旗山第一,0.0
2013-07-10,鳳山第一,0.0
2013-07-10,岡山文賢,82.0
2013-07-10,大寮大發,0.0
2013-07-10,橋頭市場,100.0
2013-07-11,國民市場,133.0
2013-07-11,鹽埕示範,117.0
2013-07-11,新興第二,133.0
2013-07-11,三民第二,116.0
2013-07-11,左營第四,100.0
2013-07-11,鼓山第三,116.0
2013-07-11,楠梓市場,117.0
2013-07-11,三民第一,150.0
2013-07-11,苓雅市場,117.0
2013-07-11,中華市場,116.0
2013-07-11,旗山第一,0.0
2013-07-11,鳳山第一,0.0
2013-07-11,岡山文賢,82.0
2013-07-11,大寮大發,0.0
2013-07-11,橋頭市場,100.0
2013-07-12,國民市場,133.0
2013-07-12,鹽埕示範,120.0
2013-07-12,新興第二,133.0
2013-07-12,三民第二,116.0
2013-07-12,左營第四,100.0
2013-07-12,鼓山第三,116.0
2013-07-12,楠梓市場,117.0
2013-07-12,三民第一,150.0
2013-07-12,苓雅市場,117.0
2013-07-12,中華市場,116.0
2013-07-12,旗山第一,98.0
2013-07-12,鳳山第一,0.0
2013-07-12,岡山文賢,82.0
2013-07-12,大寮大發,0.0
2013-07-12,橋頭市場,100.0
2013-07-13,國民市場,133.0
2013-07-13,鹽埕示範,120.0
2013-07-13,新興第二,133.0
2013-07-13,三民第二,116.0
2013-07-13,左營第四,100.0
2013-07-13,鼓山第三,116.0
2013-07-13,楠梓市場,117.0
2013-07-13,三民第一,150.0
2013-07-13,苓雅市場,117.0
2013-07-13,中華市場,116.0
2013-07-13,旗山第一,98.0
2013-07-13,鳳山第一,
2013-07-13,岡山文賢,82.0
2013-07-13,大寮大發,0.0
2013-07-13,橋頭市場,
2013-07-14,國民市場,133.0
2013-07-14,鹽埕示範,120.0
2013-07-14,新興第二,133.0
2013-07-14,三民第二,116.0
2013-07-14,左營第四,100.0
2013-07-14,鼓山第三,116.0
2013-07-14,楠梓市場,117.0
2013-07-14,三民第一,150.0
2013-07-14,苓雅市場,117.0
2013-07-14,中華市場,116.0
2013-07-14,旗山第一,98.0
2013-07-14,鳳山第一,
2013-07-14,岡山文賢,82.0
2013-07-14,大寮大發,0.0
2013-07-14,橋頭市場,100.0
2013-07-15,國民市場,133.0
2013-07-15,鹽埕示範,120.0
2013-07-15,新興第二,133.0
2013-07-15,三民第二,116.0
2013-07-15,左營第四,100.0
2013-07-15,鼓山第三,116.0
2013-07-15,楠梓市場,100.0
2013-07-15,三民第一,150.0
2013-07-15,苓雅市場,117.0
2013-07-15,中華市場,116.0
2013-07-15,旗山第一,98.0
2013-07-15,鳳山第一,0.0
2013-07-15,岡山文賢,82.0
2013-07-15,大寮大發,0.0
2013-07-15,橋頭市場,100.0
2013-07-16,國民市場,133.0
2013-07-16,鹽埕示範,120.0
2013-07-16,新興第二,133.0
2013-07-16,三民第二,116.0
2013-07-16,左營第四,100.0
2013-07-16,鼓山第三,116.0
2013-07-16,楠梓市場,100.0
2013-07-16,三民第一,150.0
2013-07-16,苓雅市場,117.0
2013-07-16,中華市場,116.0
2013-07-16,旗山第一,98.0
2013-07-16,鳳山第一,0.0
2013-07-16,岡山文賢,82.0
2013-07-16,大寮大發,0.0
2013-07-16,橋頭市場,100.0
2013-07-17,國民市場,133.0
2013-07-17,鹽埕示範,120.0
2013-07-17,新興第二,133.0
2013-07-17,三民第二,116.0
2013-07-17,左營第四,100.0
2013-07-17,鼓山第三,116.0
2013-07-17,楠梓市場,100.0
2013-07-17,三民第一,150.0
2013-07-17,苓雅市場,117.0
2013-07-17,中華市場,116.0
2013-07-17,旗山第一,98.0
2013-07-17,鳳山第一,0.0
2013-07-17,岡山文賢,82.0
2013-07-17,大寮大發,0.0
2013-07-17,橋頭市場,100.0
2013-07-18,國民市場,133.0
2013-07-18,鹽埕示範,120.0
2013-07-18,新興第二,133.0
2013-07-18,三民第二,116.0
2013-07-18,左營第四,100.0
2013-07-18,鼓山第三,116.0
2013-07-18,楠梓市場,100.0
2013-07-18,三民第一,150.0
2013-07-18,苓雅市場,117.0
2013-07-18,中華市場,116.0
2013-07-18,旗山第一,98.0
2013-07-18,鳳山第一,0.0
2013-07-18,岡山文賢,82.0
2013-07-18,大寮大發,0.0
2013-07-18,橋頭市場,116.0
2013-07-19,國民市場,133.0
2013-07-19,鹽埕示範,120.0
2013-07-19,新興第二,133.0
2013-07-19,三民第二,116.0
2013-07-19,左營第四,100.0
2013-07-19,鼓山第三,116.0
2013-07-19,楠梓市場,100.0
2013-07-19,三民第一,150.0
2013-07-19,苓雅市場,117.0
2013-07-19,中華市場,116.0
2013-07-19,旗山第一,98.0
2013-07-19,鳳山第一,0.0
2013-07-19,岡山文賢,82.0
2013-07-19,大寮大發,0.0
2013-07-19,橋頭市場,116.0
2013-07-20,國民市場,133.0
2013-07-20,鹽埕示範,120.0
2013-07-20,新興第二,133.0
2013-07-20,三民第二,116.0
2013-07-20,左營第四,100.0
2013-07-20,鼓山第三,116.0
2013-07-20,楠梓市場,100.0
2013-07-20,三民第一,150.0
2013-07-20,苓雅市場,117.0
2013-07-20,中華市場,116.0
2013-07-20,旗山第一,108.0
2013-07-20,鳳山第一,0.0
2013-07-20,岡山文賢,82.0
2013-07-20,大寮大發,0.0
2013-07-20,橋頭市場,108.0
2013-07-21,國民市場,133.0
2013-07-21,鹽埕示範,120.0
2013-07-21,新興第二,133.0
2013-07-21,三民第二,116.0
2013-07-21,左營第四,100.0
2013-07-21,鼓山第三,116.0
2013-07-21,楠梓市場,100.0
2013-07-21,三民第一,150.0
2013-07-21,苓雅市場,117.0
2013-07-21,中華市場,116.0
2013-07-21,旗山第一,108.0
2013-07-21,鳳山第一,
2013-07-21,岡山文賢,82.0
2013-07-21,大寮大發,0.0
2013-07-21,橋頭市場,108.0
2013-07-22,國民市場,133.0
2013-07-22,鹽埕示範,120.0
2013-07-22,新興第二,133.0
2013-07-22,三民第二,116.0
2013-07-22,左營第四,100.0
2013-07-22,鼓山第三,116.0
2013-07-22,楠梓市場,100.0
2013-07-22,三民第一,150.0
2013-07-22,苓雅市場,117.0
2013-07-22,中華市場,116.0
2013-07-22,旗山第一,108.0
2013-07-22,鳳山第一,0.0
2013-07-22,岡山文賢,82.0
2013-07-22,大寮大發,0.0
2013-07-22,橋頭市場,116.0
2013-07-23,國民市場,133.0
2013-07-23,鹽埕示範,120.0
2013-07-23,新興第二,133.0
2013-07-23,三民第二,116.0
2013-07-23,左營第四,100.0
2013-07-23,鼓山第三,116.0
2013-07-23,楠梓市場,100.0
2013-07-23,三民第一,150.0
2013-07-23,苓雅市場,100.0
2013-07-23,中華市場,116.0
2013-07-23,旗山第一,108.0
2013-07-23,鳳山第一,0.0
2013-07-23,岡山文賢,82.0
2013-07-23,大寮大發,0.0
2013-07-23,橋頭市場,116.0
2013-07-24,國民市場,133.0
2013-07-24,鹽埕示範,
2013-07-24,新興第二,133.0
2013-07-24,三民第二,
2013-07-24,左營第四,
2013-07-24,鼓山第三,116.0
2013-07-24,楠梓市場,100.0
2013-07-24,三民第一,
2013-07-24,苓雅市場,100.0
2013-07-24,中華市場,
2013-07-24,旗山第一,108.0
2013-07-24,鳳山第一,
2013-07-24,岡山文賢,82.0
2013-07-24,大寮大發,
2013-07-24,橋頭市場,
2013-07-25,國民市場,133.0
2013-07-25,鹽埕示範,120.0
2013-07-25,新興第二,117.0
2013-07-25,三民第二,116.0
2013-07-25,左營第四,100.0
2013-07-25,鼓山第三,116.0
2013-07-25,楠梓市場,100.0
2013-07-25,三民第一,150.0
2013-07-25,苓雅市場,133.0
2013-07-25,中華市場,116.0
2013-07-25,旗山第一,108.0
2013-07-25,鳳山第一,0.0
2013-07-25,岡山文賢,82.0
2013-07-25,大寮大發,0.0
2013-07-25,橋頭市場,116.0
2013-07-26,國民市場,133.0
2013-07-26,鹽埕示範,120.0
2013-07-26,新興第二,117.0
2013-07-26,三民第二,116.0
2013-07-26,左營第四,100.0
2013-07-26,鼓山第三,116.0
2013-07-26,楠梓市場,100.0
2013-07-26,三民第一,150.0
2013-07-26,苓雅市場,133.0
2013-07-26,中華市場,116.0
2013-07-26,旗山第一,108.0
2013-07-26,鳳山第一,0.0
2013-07-26,岡山文賢,82.0
2013-07-26,大寮大發,0.0
2013-07-26,橋頭市場,116.0
2013-07-27,國民市場,133.0
2013-07-27,鹽埕示範,120.0
2013-07-27,新興第二,117.0
2013-07-27,三民第二,116.0
2013-07-27,左營第四,100.0
2013-07-27,鼓山第三,116.0
2013-07-27,楠梓市場,100.0
2013-07-27,三民第一,150.0
2013-07-27,苓雅市場,133.0
2013-07-27,中華市場,116.0
2013-07-27,旗山第一,108.0
2013-07-27,鳳山第一,0.0
2013-07-27,岡山文賢,82.0
2013-07-27,大寮大發,0.0
2013-07-27,橋頭市場,
2013-07-28,國民市場,133.0
2013-07-28,鹽埕示範,120.0
2013-07-28,新興第二,117.0
2013-07-28,三民第二,116.0
2013-07-28,左營第四,100.0
2013-07-28,鼓山第三,116.0
2013-07-28,楠梓市場,100.0
2013-07-28,三民第一,150.0
2013-07-28,苓雅市場,133.0
2013-07-28,中華市場,116.0
2013-07-28,旗山第一,108.0
2013-07-28,鳳山第一,
2013-07-28,岡山文賢,82.0
2013-07-28,大寮大發,0.0
2013-07-28,橋頭市場,116.0
2013-07-29,國民市場,133.0
2013-07-29,鹽埕示範,120.0
2013-07-29,新興第二,117.0
2013-07-29,三民第二,116.0
2013-07-29,左營第四,100.0
2013-07-29,鼓山第三,116.0
2013-07-29,楠梓市場,100.0
2013-07-29,三民第一,150.0
2013-07-29,苓雅市場,133.0
2013-07-29,中華市場,116.0
2013-07-29,旗山第一,108.0
2013-07-29,鳳山第一,0.0
2013-07-29,岡山文賢,115.0
2013-07-29,大寮大發,0.0
2013-07-29,橋頭市場,116.0
2013-07-30,國民市場,133.0
2013-07-30,鹽埕示範,120.0
2013-07-30,新興第二,117.0
2013-07-30,三民第二,116.0
2013-07-30,左營第四,100.0
2013-07-30,鼓山第三,116.0
2013-07-30,楠梓市場,100.0
2013-07-30,三民第一,150.0
2013-07-30,苓雅市場,133.0
2013-07-30,中華市場,116.0
2013-07-30,旗山第一,108.0
2013-07-30,鳳山第一,0.0
2013-07-30,岡山文賢,115.0
2013-07-30,大寮大發,0.0
2013-07-30,橋頭市場,116.0
2013-07-31,國民市場,133.0
2013-07-31,鹽埕示範,120.0
2013-07-31,新興第二,117.0
2013-07-31,三民第二,116.0
2013-07-31,左營第四,100.0
2013-07-31,鼓山第三,116.0
2013-07-31,楠梓市場,100.0
2013-07-31,三民第一,150.0
2013-07-31,苓雅市場,133.0
2013-07-31,中華市場,116.0
2013-07-31,旗山第一,108.0
2013-07-31,鳳山第一,0.0
2013-07-31,岡山文賢,115.0
2013-07-31,大寮大發,0.0
2013-07-31,橋頭市場,116.0
2013-08-01,國民市場,133.0
2013-08-01,鹽埕示範,120.0
2013-08-01,新興第二,117.0
2013-08-01,三民第二,116.0
2013-08-01,左營第四,100.0
2013-08-01,鼓山第三,116.0
2013-08-01,楠梓市場,100.0
2013-08-01,三民第一,150.0
2013-08-01,苓雅市場,133.0
2013-08-01,中華市場,116.0
2013-08-01,旗山第一,108.0
2013-08-01,鳳山第一,0.0
2013-08-01,岡山文賢,82.0
2013-08-01,大寮大發,0.0
2013-08-01,橋頭市場,82.0
2013-08-02,國民市場,133.0
2013-08-02,鹽埕示範,122.0
2013-08-02,新興第二,117.0
2013-08-02,三民第二,116.0
2013-08-02,左營第四,100.0
2013-08-02,鼓山第三,116.0
2013-08-02,楠梓市場,116.0
2013-08-02,三民第一,150.0
2013-08-02,苓雅市場,116.0
2013-08-02,中華市場,116.0
2013-08-02,旗山第一,108.0
2013-08-02,鳳山第一,0.0
2013-08-02,岡山文賢,82.0
2013-08-02,大寮大發,0.0
2013-08-02,橋頭市場,116.0
2013-08-03,國民市場,133.0
2013-08-03,鹽埕示範,122.0
2013-08-03,新興第二,133.0
2013-08-03,三民第二,116.0
2013-08-03,左營第四,100.0
2013-08-03,鼓山第三,116.0
2013-08-03,楠梓市場,116.0
2013-08-03,三民第一,150.0
2013-08-03,苓雅市場,116.0
2013-08-03,中華市場,116.0
2013-08-03,旗山第一,108.0
2013-08-03,鳳山第一,0.0
2013-08-03,岡山文賢,82.0
2013-08-03,大寮大發,0.0
2013-08-03,橋頭市場,133.0
2013-08-04,國民市場,133.0
2013-08-04,鹽埕示範,122.0
2013-08-04,新興第二,133.0
2013-08-04,三民第二,116.0
2013-08-04,左營第四,100.0
2013-08-04,鼓山第三,116.0
2013-08-04,楠梓市場,116.0
2013-08-04,三民第一,150.0
2013-08-04,苓雅市場,116.0
2013-08-04,中華市場,116.0
2013-08-04,旗山第一,108.0
2013-08-04,鳳山第一,
2013-08-04,岡山文賢,82.0
2013-08-04,大寮大發,0.0
2013-08-04,橋頭市場,133.0
2013-08-05,國民市場,133.0
2013-08-05,鹽埕示範,122.0
2013-08-05,新興第二,133.0
2013-08-05,三民第二,116.0
2013-08-05,左營第四,100.0
2013-08-05,鼓山第三,116.0
2013-08-05,楠梓市場,117.0
2013-08-05,三民第一,150.0
2013-08-05,苓雅市場,116.0
2013-08-05,中華市場,116.0
2013-08-05,旗山第一,108.0
2013-08-05,鳳山第一,0.0
2013-08-05,岡山文賢,98.0
2013-08-05,大寮大發,0.0
2013-08-05,橋頭市場,116.0
2013-08-06,國民市場,133.0
2013-08-06,鹽埕示範,122.0
2013-08-06,新興第二,133.0
2013-08-06,三民第二,116.0
2013-08-06,左營第四,100.0
2013-08-06,鼓山第三,116.0
2013-08-06,楠梓市場,117.0
2013-08-06,三民第一,150.0
2013-08-06,苓雅市場,116.0
2013-08-06,中華市場,116.0
2013-08-06,旗山第一,108.0
2013-08-06,鳳山第一,0.0
2013-08-06,岡山文賢,98.0
2013-08-06,大寮大發,0.0
2013-08-06,橋頭市場,116.0
2013-08-07,國民市場,133.0
2013-08-07,鹽埕示範,130.0
2013-08-07,新興第二,133.0
2013-08-07,三民第二,133.0
2013-08-07,左營第四,100.0
2013-08-07,鼓山第三,116.0
2013-08-07,楠梓市場,117.0
2013-08-07,三民第一,150.0
2013-08-07,苓雅市場,116.0
2013-08-07,中華市場,116.0
2013-08-07,旗山第一,108.0
2013-08-07,鳳山第一,0.0
2013-08-07,岡山文賢,98.0
2013-08-07,大寮大發,0.0
2013-08-07,橋頭市場,116.0
2013-08-08,國民市場,133.0
2013-08-08,鹽埕示範,130.0
2013-08-08,新興第二,133.0
2013-08-08,三民第二,133.0
2013-08-08,左營第四,100.0
2013-08-08,鼓山第三,116.0
2013-08-08,楠梓市場,117.0
2013-08-08,三民第一,150.0
2013-08-08,苓雅市場,116.0
2013-08-08,中華市場,116.0
2013-08-08,旗山第一,108.0
2013-08-08,鳳山第一,0.0
2013-08-08,岡山文賢,98.0
2013-08-08,大寮大發,0.0
2013-08-08,橋頭市場,116.0
2013-08-09,國民市場,133.0
2013-08-09,鹽埕示範,130.0
2013-08-09,新興第二,133.0
2013-08-09,三民第二,133.0
2013-08-09,左營第四,100.0
2013-08-09,鼓山第三,116.0
2013-08-09,楠梓市場,117.0
2013-08-09,三民第一,150.0
2013-08-09,苓雅市場,116.0
2013-08-09,中華市場,116.0
2013-08-09,旗山第一,108.0
2013-08-09,鳳山第一,0.0
2013-08-09,岡山文賢,98.0
2013-08-09,大寮大發,0.0
2013-08-09,橋頭市場,116.0
2013-08-10,國民市場,133.0
2013-08-10,鹽埕示範,130.0
2013-08-10,新興第二,133.0
2013-08-10,三民第二,133.0
2013-08-10,左營第四,100.0
2013-08-10,鼓山第三,116.0
2013-08-10,楠梓市場,117.0
2013-08-10,三民第一,150.0
2013-08-10,苓雅市場,116.0
2013-08-10,中華市場,116.0
2013-08-10,旗山第一,108.0
2013-08-10,鳳山第一,0.0
2013-08-10,岡山文賢,98.0
2013-08-10,大寮大發,0.0
2013-08-10,橋頭市場,
2013-08-11,國民市場,133.0
2013-08-11,鹽埕示範,130.0
2013-08-11,新興第二,133.0
2013-08-11,三民第二,133.0
2013-08-11,左營第四,100.0
2013-08-11,鼓山第三,116.0
2013-08-11,楠梓市場,117.0
2013-08-11,三民第一,150.0
2013-08-11,苓雅市場,116.0
2013-08-11,中華市場,116.0
2013-08-11,旗山第一,108.0
2013-08-11,鳳山第一,
2013-08-11,岡山文賢,98.0
2013-08-11,大寮大發,0.0
2013-08-11,橋頭市場,
2013-08-12,國民市場,133.0
2013-08-12,鹽埕示範,130.0
2013-08-12,新興第二,133.0
2013-08-12,三民第二,133.0
2013-08-12,左營第四,100.0
2013-08-12,鼓山第三,116.0
2013-08-12,楠梓市場,117.0
2013-08-12,三民第一,150.0
2013-08-12,苓雅市場,116.0
2013-08-12,中華市場,116.0
2013-08-12,旗山第一,108.0
2013-08-12,鳳山第一,0.0
2013-08-12,岡山文賢,132.0
2013-08-12,大寮大發,0.0
2013-08-12,橋頭市場,116.0
2013-08-13,國民市場,133.0
2013-08-13,鹽埕示範,130.0
2013-08-13,新興第二,133.0
2013-08-13,三民第二,116.0
2013-08-13,左營第四,100.0
2013-08-13,鼓山第三,116.0
2013-08-13,楠梓市場,117.0
2013-08-13,三民第一,150.0
2013-08-13,苓雅市場,116.0
2013-08-13,中華市場,116.0
2013-08-13,旗山第一,108.0
2013-08-13,鳳山第一,0.0
2013-08-13,岡山文賢,132.0
2013-08-13,大寮大發,0.0
2013-08-13,橋頭市場,116.0
2013-08-14,國民市場,133.0
2013-08-14,鹽埕示範,133.0
2013-08-14,新興第二,133.0
2013-08-14,三民第二,133.0
2013-08-14,左營第四,100.0
2013-08-14,鼓山第三,116.0
2013-08-14,楠梓市場,117.0
2013-08-14,三民第一,150.0
2013-08-14,苓雅市場,116.0
2013-08-14,中華市場,116.0
2013-08-14,旗山第一,108.0
2013-08-14,鳳山第一,0.0
2013-08-14,岡山文賢,132.0
2013-08-14,大寮大發,0.0
2013-08-14,橋頭市場,116.0
2013-08-15,國民市場,133.0
2013-08-15,鹽埕示範,133.0
2013-08-15,新興第二,117.0
2013-08-15,三民第二,133.0
2013-08-15,左營第四,100.0
2013-08-15,鼓山第三,116.0
2013-08-15,楠梓市場,117.0
2013-08-15,三民第一,133.0
2013-08-15,苓雅市場,116.0
2013-08-15,中華市場,116.0
2013-08-15,旗山第一,108.0
2013-08-15,鳳山第一,0.0
2013-08-15,岡山文賢,132.0
2013-08-15,大寮大發,0.0
2013-08-15,橋頭市場,116.0
2013-08-16,國民市場,133.0
2013-08-16,鹽埕示範,133.0
2013-08-16,新興第二,117.0
2013-08-16,三民第二,150.0
2013-08-16,左營第四,100.0
2013-08-16,鼓山第三,116.0
2013-08-16,楠梓市場,117.0
2013-08-16,三民第一,133.0
2013-08-16,苓雅市場,116.0
2013-08-16,中華市場,116.0
2013-08-16,旗山第一,108.0
2013-08-16,鳳山第一,0.0
2013-08-16,岡山文賢,132.0
2013-08-16,大寮大發,0.0
2013-08-16,橋頭市場,116.0
2013-08-17,國民市場,133.0
2013-08-17,鹽埕示範,133.0
2013-08-17,新興第二,117.0
2013-08-17,三民第二,150.0
2013-08-17,左營第四,100.0
2013-08-17,鼓山第三,116.0
2013-08-17,楠梓市場,117.0
2013-08-17,三民第一,133.0
2013-08-17,苓雅市場,116.0
2013-08-17,中華市場,133.0
2013-08-17,旗山第一,100.0
2013-08-17,鳳山第一,0.0
2013-08-17,岡山文賢,132.0
2013-08-17,大寮大發,0.0
2013-08-17,橋頭市場,116.0
2013-08-18,國民市場,133.0
2013-08-18,鹽埕示範,133.0
2013-08-18,新興第二,117.0
2013-08-18,三民第二,133.0
2013-08-18,左營第四,100.0
2013-08-18,鼓山第三,116.0
2013-08-18,楠梓市場,117.0
2013-08-18,三民第一,133.0
2013-08-18,苓雅市場,116.0
2013-08-18,中華市場,133.0
2013-08-18,旗山第一,100.0
2013-08-18,鳳山第一,
2013-08-18,岡山文賢,132.0
2013-08-18,大寮大發,0.0
2013-08-18,橋頭市場,116.0
2013-08-19,國民市場,133.0
2013-08-19,鹽埕示範,133.0
2013-08-19,新興第二,117.0
2013-08-19,三民第二,133.0
2013-08-19,左營第四,100.0
2013-08-19,鼓山第三,116.0
2013-08-19,楠梓市場,133.0
2013-08-19,三民第一,133.0
2013-08-19,苓雅市場,116.0
2013-08-19,中華市場,133.0
2013-08-19,旗山第一,100.0
2013-08-19,鳳山第一,0.0
2013-08-19,岡山文賢,115.0
2013-08-19,大寮大發,0.0
2013-08-19,橋頭市場,116.0
2013-08-20,國民市場,133.0
2013-08-20,鹽埕示範,133.0
2013-08-20,新興第二,117.0
2013-08-20,三民第二,133.0
2013-08-20,左營第四,100.0
2013-08-20,鼓山第三,116.0
2013-08-20,楠梓市場,133.0
2013-08-20,三民第一,133.0
2013-08-20,苓雅市場,116.0
2013-08-20,中華市場,133.0
2013-08-20,旗山第一,100.0
2013-08-20,鳳山第一,0.0
2013-08-20,岡山文賢,115.0
2013-08-20,大寮大發,110.0
2013-08-20,橋頭市場,116.0
2013-08-21,國民市場,133.0
2013-08-21,鹽埕示範,133.0
2013-08-21,新興第二,117.0
2013-08-21,三民第二,133.0
2013-08-21,左營第四,100.0
2013-08-21,鼓山第三,116.0
2013-08-21,楠梓市場,133.0
2013-08-21,三民第一,133.0
2013-08-21,苓雅市場,116.0
2013-08-21,中華市場,133.0
2013-08-21,旗山第一,100.0
2013-08-21,鳳山第一,0.0
2013-08-21,岡山文賢,115.0
2013-08-21,大寮大發,110.0
2013-08-21,橋頭市場,116.0
2013-08-22,國民市場,133.0
2013-08-22,鹽埕示範,133.0
2013-08-22,新興第二,117.0
2013-08-22,三民第二,150.0
2013-08-22,左營第四,100.0
2013-08-22,鼓山第三,116.0
2013-08-22,楠梓市場,133.0
2013-08-22,三民第一,133.0
2013-08-22,苓雅市場,133.0
2013-08-22,中華市場,133.0
2013-08-22,旗山第一,100.0
2013-08-22,鳳山第一,0.0
2013-08-22,岡山文賢,115.0
2013-08-22,大寮大發,110.0
2013-08-22,橋頭市場,116.0
2013-08-23,國民市場,
2013-08-23,鹽埕示範,
2013-08-23,新興第二,
2013-08-23,三民第二,
2013-08-23,左營第四,100.0
2013-08-23,鼓山第三,
2013-08-23,楠梓市場,
2013-08-23,三民第一,
2013-08-23,苓雅市場,
2013-08-23,中華市場,
2013-08-23,旗山第一,100.0
2013-08-23,鳳山第一,
2013-08-23,岡山文賢,115.0
2013-08-23,大寮大發,
2013-08-23,橋頭市場,
2013-08-24,國民市場,133.0
2013-08-24,鹽埕示範,133.0
2013-08-24,新興第二,117.0
2013-08-24,三民第二,150.0
2013-08-24,左營第四,100.0
2013-08-24,鼓山第三,116.0
2013-08-24,楠梓市場,133.0
2013-08-24,三民第一,133.0
2013-08-24,苓雅市場,133.0
2013-08-24,中華市場,133.0
2013-08-24,旗山第一,100.0
2013-08-24,鳳山第一,0.0
2013-08-24,岡山文賢,115.0
2013-08-24,大寮大發,110.0
2013-08-24,橋頭市場,148.0
2013-08-25,國民市場,133.0
2013-08-25,鹽埕示範,133.0
2013-08-25,新興第二,117.0
2013-08-25,三民第二,133.0
2013-08-25,左營第四,100.0
2013-08-25,鼓山第三,116.0
2013-08-25,楠梓市場,133.0
2013-08-25,三民第一,133.0
2013-08-25,苓雅市場,133.0
2013-08-25,中華市場,133.0
2013-08-25,旗山第一,100.0
2013-08-25,鳳山第一,
2013-08-25,岡山文賢,115.0
2013-08-25,大寮大發,110.0
2013-08-25,橋頭市場,148.0
2013-08-26,國民市場,133.0
2013-08-26,鹽埕示範,133.0
2013-08-26,新興第二,117.0
2013-08-26,三民第二,133.0
2013-08-26,左營第四,100.0
2013-08-26,鼓山第三,116.0
2013-08-26,楠梓市場,133.0
2013-08-26,三民第一,133.0
2013-08-26,苓雅市場,133.0
2013-08-26,中華市場,133.0
2013-08-26,旗山第一,100.0
2013-08-26,鳳山第一,0.0
2013-08-26,岡山文賢,115.0
2013-08-26,大寮大發,110.0
2013-08-26,橋頭市場,133.0
2013-08-27,國民市場,133.0
2013-08-27,鹽埕示範,133.0
2013-08-27,新興第二,117.0
2013-08-27,三民第二,133.0
2013-08-27,左營第四,100.0
2013-08-27,鼓山第三,116.0
2013-08-27,楠梓市場,133.0
2013-08-27,三民第一,133.0
2013-08-27,苓雅市場,133.0
2013-08-27,中華市場,133.0
2013-08-27,旗山第一,100.0
2013-08-27,鳳山第一,0.0
2013-08-27,岡山文賢,115.0
2013-08-27,大寮大發,110.0
2013-08-27,橋頭市場,133.0
2013-08-28,國民市場,133.0
2013-08-28,鹽埕示範,133.0
2013-08-28,新興第二,117.0
2013-08-28,三民第二,133.0
2013-08-28,左營第四,100.0
2013-08-28,鼓山第三,116.0
2013-08-28,楠梓市場,133.0
2013-08-28,三民第一,133.0
2013-08-28,苓雅市場,133.0
2013-08-28,中華市場,133.0
2013-08-28,旗山第一,100.0
2013-08-28,鳳山第一,0.0
2013-08-28,岡山文賢,115.0
2013-08-28,大寮大發,110.0
2013-08-28,橋頭市場,133.0
2013-08-29,國民市場,133.0
2013-08-29,鹽埕示範,133.0
2013-08-29,新興第二,117.0
2013-08-29,三民第二,150.0
2013-08-29,左營第四,100.0
2013-08-29,鼓山第三,116.0
2013-08-29,楠梓市場,133.0
2013-08-29,三民第一,133.0
2013-08-29,苓雅市場,133.0
2013-08-29,中華市場,133.0
2013-08-29,旗山第一,100.0
2013-08-29,鳳山第一,0.0
2013-08-29,岡山文賢,115.0
2013-08-29,大寮大發,110.0
2013-08-29,橋頭市場,
2013-08-30,國民市場,133.0
2013-08-30,鹽埕示範,133.0
2013-08-30,新興第二,117.0
2013-08-30,三民第二,150.0
2013-08-30,左營第四,116.0
2013-08-30,鼓山第三,116.0
2013-08-30,楠梓市場,133.0
2013-08-30,三民第一,133.0
2013-08-30,苓雅市場,133.0
2013-08-30,中華市場,133.0
2013-08-30,旗山第一,100.0
2013-08-30,鳳山第一,0.0
2013-08-30,岡山文賢,115.0
2013-08-30,大寮大發,110.0
2013-08-30,橋頭市場,133.0
2013-08-31,國民市場,133.0
2013-08-31,鹽埕示範,133.0
2013-08-31,新興第二,117.0
2013-08-31,三民第二,150.0
2013-08-31,左營第四,116.0
2013-08-31,鼓山第三,116.0
2013-08-31,楠梓市場,133.0
2013-08-31,三民第一,133.0
2013-08-31,苓雅市場,133.0
2013-08-31,中華市場,133.0
2013-08-31,旗山第一,100.0
2013-08-31,鳳山第一,
2013-08-31,岡山文賢,115.0
2013-08-31,大寮大發,110.0
2013-08-31,橋頭市場,133.0
2013-09-01,國民市場,133.0
2013-09-01,鹽埕示範,133.0
2013-09-01,新興第二,133.0
2013-09-01,三民第二,133.0
2013-09-01,左營第四,116.0
2013-09-01,鼓山第三,116.0
2013-09-01,楠梓市場,133.0
2013-09-01,三民第一,133.0
2013-09-01,苓雅市場,133.0
2013-09-01,中華市場,133.0
2013-09-01,旗山第一,100.0
2013-09-01,鳳山第一,
2013-09-01,岡山文賢,115.0
2013-09-01,大寮大發,110.0
2013-09-01,橋頭市場,133.0
2013-09-02,國民市場,133.0
2013-09-02,鹽埕示範,133.0
2013-09-02,新興第二,133.0
2013-09-02,三民第二,133.0
2013-09-02,左營第四,116.0
2013-09-02,鼓山第三,116.0
2013-09-02,楠梓市場,133.0
2013-09-02,三民第一,133.0
2013-09-02,苓雅市場,133.0
2013-09-02,中華市場,133.0
2013-09-02,旗山第一,100.0
2013-09-02,鳳山第一,0.0
2013-09-02,岡山文賢,115.0
2013-09-02,大寮大發,110.0
2013-09-02,橋頭市場,133.0
2013-09-03,國民市場,133.0
2013-09-03,鹽埕示範,133.0
2013-09-03,新興第二,133.0
2013-09-03,三民第二,133.0
2013-09-03,左營第四,116.0
2013-09-03,鼓山第三,116.0
2013-09-03,楠梓市場,133.0
2013-09-03,三民第一,133.0
2013-09-03,苓雅市場,133.0
2013-09-03,中華市場,133.0
2013-09-03,旗山第一,100.0
2013-09-03,鳳山第一,0.0
2013-09-03,岡山文賢,115.0
2013-09-03,大寮大發,110.0
2013-09-03,橋頭市場,133.0
2013-09-04,國民市場,133.0
2013-09-04,鹽埕示範,133.0
2013-09-04,新興第二,133.0
2013-09-04,三民第二,133.0
2013-09-04,左營第四,116.0
2013-09-04,鼓山第三,116.0
2013-09-04,楠梓市場,133.0
2013-09-04,三民第一,133.0
2013-09-04,苓雅市場,133.0
2013-09-04,中華市場,133.0
2013-09-04,旗山第一,100.0
2013-09-04,鳳山第一,0.0
2013-09-04,岡山文賢,115.0
2013-09-04,大寮大發,110.0
2013-09-04,橋頭市場,133.0
2013-09-05,國民市場,133.0
2013-09-05,鹽埕示範,133.0
2013-09-05,新興第二,133.0
2013-09-05,三民第二,133.0
2013-09-05,左營第四,116.0
2013-09-05,鼓山第三,116.0
2013-09-05,楠梓市場,133.0
2013-09-05,三民第一,133.0
2013-09-05,苓雅市場,133.0
2013-09-05,中華市場,133.0
2013-09-05,旗山第一,100.0
2013-09-05,鳳山第一,0.0
2013-09-05,岡山文賢,115.0
2013-09-05,大寮大發,110.0
2013-09-05,橋頭市場,133.0
2013-09-06,國民市場,133.0
2013-09-06,鹽埕示範,133.0
2013-09-06,新興第二,133.0
2013-09-06,三民第二,133.0
2013-09-06,左營第四,116.0
2013-09-06,鼓山第三,116.0
2013-09-06,楠梓市場,133.0
2013-09-06,三民第一,133.0
2013-09-06,苓雅市場,133.0
2013-09-06,中華市場,133.0
2013-09-06,旗山第一,100.0
2013-09-06,鳳山第一,0.0
2013-09-06,岡山文賢,115.0
2013-09-06,大寮大發,110.0
2013-09-06,橋頭市場,133.0
2013-09-07,國民市場,133.0
2013-09-07,鹽埕示範,133.0
2013-09-07,新興第二,133.0
2013-09-07,三民第二,133.0
2013-09-07,左營第四,116.0
2013-09-07,鼓山第三,116.0
2013-09-07,楠梓市場,133.0
2013-09-07,三民第一,133.0
2013-09-07,苓雅市場,133.0
2013-09-07,中華市場,133.0
2013-09-07,旗山第一,100.0
2013-09-07,鳳山第一,0.0
2013-09-07,岡山文賢,115.0
2013-09-07,大寮大發,116.0
2013-09-07,橋頭市場,133.0
2013-09-08,國民市場,133.0
2013-09-08,鹽埕示範,133.0
2013-09-08,新興第二,133.0
2013-09-08,三民第二,133.0
2013-09-08,左營第四,116.0
2013-09-08,鼓山第三,116.0
2013-09-08,楠梓市場,133.0
2013-09-08,三民第一,133.0
2013-09-08,苓雅市場,133.0
2013-09-08,中華市場,133.0
2013-09-08,旗山第一,100.0
2013-09-08,鳳山第一,
2013-09-08,岡山文賢,115.0
2013-09-08,大寮大發,116.0
2013-09-08,橋頭市場,133.0
2013-09-09,國民市場,166.0
2013-09-09,鹽埕示範,133.0
2013-09-09,新興第二,133.0
2013-09-09,三民第二,133.0
2013-09-09,左營第四,116.0
2013-09-09,鼓山第三,116.0
2013-09-09,楠梓市場,133.0
2013-09-09,三民第一,133.0
2013-09-09,苓雅市場,133.0
2013-09-09,中華市場,133.0
2013-09-09,旗山第一,100.0
2013-09-09,鳳山第一,0.0
2013-09-09,岡山文賢,115.0
2013-09-09,大寮大發,116.0
2013-09-09,橋頭市場,133.0
2013-09-10,國民市場,166.0
2013-09-10,鹽埕示範,133.0
2013-09-10,新興第二,133.0
2013-09-10,三民第二,133.0
2013-09-10,左營第四,116.0
2013-09-10,鼓山第三,116.0
2013-09-10,楠梓市場,133.0
2013-09-10,三民第一,133.0
2013-09-10,苓雅市場,133.0
2013-09-10,中華市場,133.0
2013-09-10,旗山第一,100.0
2013-09-10,鳳山第一,0.0
2013-09-10,岡山文賢,115.0
2013-09-10,大寮大發,132.0
2013-09-10,橋頭市場,133.0
2013-09-11,國民市場,166.0
2013-09-11,鹽埕示範,133.0
2013-09-11,新興第二,133.0
2013-09-11,三民第二,133.0
2013-09-11,左營第四,116.0
2013-09-11,鼓山第三,116.0
2013-09-11,楠梓市場,133.0
2013-09-11,三民第一,133.0
2013-09-11,苓雅市場,133.0
2013-09-11,中華市場,133.0
2013-09-11,旗山第一,100.0
2013-09-11,鳳山第一,0.0
2013-09-11,岡山文賢,115.0
2013-09-11,大寮大發,132.0
2013-09-11,橋頭市場,133.0
2013-09-12,國民市場,166.0
2013-09-12,鹽埕示範,133.0
2013-09-12,新興第二,133.0
2013-09-12,三民第二,133.0
2013-09-12,左營第四,116.0
2013-09-12,鼓山第三,116.0
2013-09-12,楠梓市場,133.0
2013-09-12,三民第一,133.0
2013-09-12,苓雅市場,133.0
2013-09-12,中華市場,133.0
2013-09-12,旗山第一,100.0
2013-09-12,鳳山第一,0.0
2013-09-12,岡山文賢,115.0
2013-09-12,大寮大發,132.0
2013-09-12,橋頭市場,133.0
2013-09-13,國民市場,166.0
2013-09-13,鹽埕示範,133.0
2013-09-13,新興第二,133.0
2013-09-13,三民第二,133.0
2013-09-13,左營第四,133.0
2013-09-13,鼓山第三,116.0
2013-09-13,楠梓市場,133.0
2013-09-13,三民第一,133.0
2013-09-13,苓雅市場,133.0
2013-09-13,中華市場,133.0
2013-09-13,旗山第一,100.0
2013-09-13,鳳山第一,0.0
2013-09-13,岡山文賢,115.0
2013-09-13,大寮大發,132.0
2013-09-13,橋頭市場,133.0
2013-09-14,國民市場,166.0
2013-09-14,鹽埕示範,133.0
2013-09-14,新興第二,133.0
2013-09-14,三民第二,133.0
2013-09-14,左營第四,133.0
2013-09-14,鼓山第三,116.0
2013-09-14,楠梓市場,133.0
2013-09-14,三民第一,133.0
2013-09-14,苓雅市場,133.0
2013-09-14,中華市場,133.0
2013-09-14,旗山第一,100.0
2013-09-14,鳳山第一,0.0
2013-09-14,岡山文賢,115.0
2013-09-14,大寮大發,132.0
2013-09-14,橋頭市場,133.0
2013-09-15,國民市場,166.0
2013-09-15,鹽埕示範,133.0
2013-09-15,新興第二,133.0
2013-09-15,三民第二,133.0
2013-09-15,左營第四,133.0
2013-09-15,鼓山第三,116.0
2013-09-15,楠梓市場,133.0
2013-09-15,三民第一,133.0
2013-09-15,苓雅市場,133.0
2013-09-15,中華市場,133.0
2013-09-15,旗山第一,100.0
2013-09-15,鳳山第一,
2013-09-15,岡山文賢,115.0
2013-09-15,大寮大發,132.0
2013-09-15,橋頭市場,
2013-09-16,國民市場,166.0
2013-09-16,鹽埕示範,133.0
2013-09-16,新興第二,133.0
2013-09-16,三民第二,133.0
2013-09-16,左營第四,133.0
2013-09-16,鼓山第三,116.0
2013-09-16,楠梓市場,133.0
2013-09-16,三民第一,133.0
2013-09-16,苓雅市場,133.0
2013-09-16,中華市場,133.0
2013-09-16,旗山第一,100.0
2013-09-16,鳳山第一,0.0
2013-09-16,岡山文賢,115.0
2013-09-16,大寮大發,132.0
2013-09-16,橋頭市場,133.0
2013-09-17,國民市場,200.0
2013-09-17,鹽埕示範,133.0
2013-09-17,新興第二,133.0
2013-09-17,三民第二,133.0
2013-09-17,左營第四,133.0
2013-09-17,鼓山第三,116.0
2013-09-17,楠梓市場,133.0
2013-09-17,三民第一,133.0
2013-09-17,苓雅市場,133.0
2013-09-17,中華市場,133.0
2013-09-17,旗山第一,100.0
2013-09-17,鳳山第一,0.0
2013-09-17,岡山文賢,115.0
2013-09-17,大寮大發,132.0
2013-09-17,橋頭市場,133.0
2013-09-18,國民市場,200.0
2013-09-18,鹽埕示範,133.0
2013-09-18,新興第二,133.0
2013-09-18,三民第二,133.0
2013-09-18,左營第四,133.0
2013-09-18,鼓山第三,116.0
2013-09-18,楠梓市場,133.0
2013-09-18,三民第一,133.0
2013-09-18,苓雅市場,133.0
2013-09-18,中華市場,133.0
2013-09-18,旗山第一,100.0
2013-09-18,鳳山第一,0.0
2013-09-18,岡山文賢,115.0
2013-09-18,大寮大發,136.0
2013-09-18,橋頭市場,133.0
2013-09-19,國民市場,200.0
2013-09-19,鹽埕示範,133.0
2013-09-19,新興第二,133.0
2013-09-19,三民第二,133.0
2013-09-19,左營第四,133.0
2013-09-19,鼓山第三,116.0
2013-09-19,楠梓市場,133.0
2013-09-19,三民第一,133.0
2013-09-19,苓雅市場,133.0
2013-09-19,中華市場,133.0
2013-09-19,旗山第一,100.0
2013-09-19,鳳山第一,
2013-09-19,岡山文賢,115.0
2013-09-19,大寮大發,136.0
2013-09-19,橋頭市場,0.0
2013-09-20,國民市場,200.0
2013-09-20,鹽埕示範,133.0
2013-09-20,新興第二,133.0
2013-09-20,三民第二,133.0
2013-09-20,左營第四,133.0
2013-09-20,鼓山第三,116.0
2013-09-20,楠梓市場,133.0
2013-09-20,三民第一,133.0
2013-09-20,苓雅市場,133.0
2013-09-20,中華市場,133.0
2013-09-20,旗山第一,100.0
2013-09-20,鳳山第一,
2013-09-20,岡山文賢,115.0
2013-09-20,大寮大發,136.0
2013-09-20,橋頭市場,0.0
2013-09-21,國民市場,
2013-09-21,鹽埕示範,
2013-09-21,新興第二,
2013-09-21,三民第二,
2013-09-21,左營第四,
2013-09-21,鼓山第三,
2013-09-21,楠梓市場,
2013-09-21,三民第一,
2013-09-21,苓雅市場,
2013-09-21,中華市場,
2013-09-21,旗山第一,100.0
2013-09-21,鳳山第一,
2013-09-21,岡山文賢,115.0
2013-09-21,大寮大發,136.0
2013-09-21,橋頭市場,0.0
2013-09-22,國民市場,166.0
2013-09-22,鹽埕示範,133.0
2013-09-22,新興第二,133.0
2013-09-22,三民第二,133.0
2013-09-22,左營第四,133.0
2013-09-22,鼓山第三,116.0
2013-09-22,楠梓市場,133.0
2013-09-22,三民第一,133.0
2013-09-22,苓雅市場,133.0
2013-09-22,中華市場,133.0
2013-09-22,旗山第一,100.0
2013-09-22,鳳山第一,
2013-09-22,岡山文賢,115.0
2013-09-22,大寮大發,150.0
2013-09-22,橋頭市場,0.0
2013-09-23,國民市場,166.0
2013-09-23,鹽埕示範,133.0
2013-09-23,新興第二,133.0
2013-09-23,三民第二,133.0
2013-09-23,左營第四,133.0
2013-09-23,鼓山第三,116.0
2013-09-23,楠梓市場,150.0
2013-09-23,三民第一,133.0
2013-09-23,苓雅市場,133.0
2013-09-23,中華市場,133.0
2013-09-23,旗山第一,100.0
2013-09-23,鳳山第一,0.0
2013-09-23,岡山文賢,115.0
2013-09-23,大寮大發,150.0
2013-09-23,橋頭市場,0.0
2013-09-24,國民市場,166.0
2013-09-24,鹽埕示範,133.0
2013-09-24,新興第二,133.0
2013-09-24,三民第二,133.0
2013-09-24,左營第四,133.0
2013-09-24,鼓山第三,116.0
2013-09-24,楠梓市場,150.0
2013-09-24,三民第一,133.0
2013-09-24,苓雅市場,133.0
2013-09-24,中華市場,133.0
2013-09-24,旗山第一,100.0
2013-09-24,鳳山第一,0.0
2013-09-24,岡山文賢,133.0
2013-09-24,大寮大發,150.0
2013-09-24,橋頭市場,0.0
2013-09-25,國民市場,166.0
2013-09-25,鹽埕示範,133.0
2013-09-25,新興第二,133.0
2013-09-25,三民第二,133.0
2013-09-25,左營第四,133.0
2013-09-25,鼓山第三,116.0
2013-09-25,楠梓市場,150.0
2013-09-25,三民第一,133.0
2013-09-25,苓雅市場,133.0
2013-09-25,中華市場,133.0
2013-09-25,旗山第一,100.0
2013-09-25,鳳山第一,0.0
2013-09-25,岡山文賢,133.0
2013-09-25,大寮大發,150.0
2013-09-25,橋頭市場,0.0
2013-09-26,國民市場,166.0
2013-09-26,鹽埕示範,133.0
2013-09-26,新興第二,133.0
2013-09-26,三民第二,133.0
2013-09-26,左營第四,133.0
2013-09-26,鼓山第三,116.0
2013-09-26,楠梓市場,150.0
2013-09-26,三民第一,133.0
2013-09-26,苓雅市場,133.0
2013-09-26,中華市場,133.0
2013-09-26,旗山第一,100.0
2013-09-26,鳳山第一,0.0
2013-09-26,岡山文賢,133.0
2013-09-26,大寮大發,150.0
2013-09-26,橋頭市場,0.0
2013-09-27,國民市場,166.0
2013-09-27,鹽埕示範,133.0
2013-09-27,新興第二,133.0
2013-09-27,三民第二,133.0
2013-09-27,左營第四,133.0
2013-09-27,鼓山第三,116.0
2013-09-27,楠梓市場,150.0
2013-09-27,三民第一,133.0
2013-09-27,苓雅市場,133.0
2013-09-27,中華市場,133.0
2013-09-27,旗山第一,100.0
2013-09-27,鳳山第一,0.0
2013-09-27,岡山文賢,133.0
2013-09-27,大寮大發,150.0
2013-09-27,橋頭市場,0.0
2013-09-28,國民市場,166.0
2013-09-28,鹽埕示範,133.0
2013-09-28,新興第二,133.0
2013-09-28,三民第二,133.0
2013-09-28,左營第四,133.0
2013-09-28,鼓山第三,116.0
2013-09-28,楠梓市場,150.0
2013-09-28,三民第一,133.0
2013-09-28,苓雅市場,133.0
2013-09-28,中華市場,133.0
2013-09-28,旗山第一,100.0
2013-09-28,鳳山第一,
2013-09-28,岡山文賢,133.0
2013-09-28,大寮大發,150.0
2013-09-28,橋頭市場,
2013-09-29,國民市場,166.0
2013-09-29,鹽埕示範,133.0
2013-09-29,新興第二,133.0
2013-09-29,三民第二,133.0
2013-09-29,左營第四,133.0
2013-09-29,鼓山第三,116.0
2013-09-29,楠梓市場,150.0
2013-09-29,三民第一,133.0
2013-09-29,苓雅市場,133.0
2013-09-29,中華市場,133.0
2013-09-29,旗山第一,100.0
2013-09-29,鳳山第一,
2013-09-29,岡山文賢,133.0
2013-09-29,大寮大發,150.0
2013-09-29,橋頭市場,0.0
2013-09-30,國民市場,166.0
2013-09-30,鹽埕示範,133.0
2013-09-30,新興第二,133.0
2013-09-30,三民第二,133.0
2013-09-30,左營第四,133.0
2013-09-30,鼓山第三,116.0
2013-09-30,楠梓市場,150.0
2013-09-30,三民第一,133.0
2013-09-30,苓雅市場,133.0
2013-09-30,中華市場,133.0
2013-09-30,旗山第一,100.0
2013-09-30,鳳山第一,0.0
2013-09-30,岡山文賢,132.0
2013-09-30,大寮大發,136.0
2013-09-30,橋頭市場,0.0
2013-10-01,國民市場,166.0
2013-10-01,鹽埕示範,166.0
2013-10-01,新興第二,133.0
2013-10-01,三民第二,133.0
2013-10-01,左營第四,133.0
2013-10-01,鼓山第三,116.0
2013-10-01,楠梓市場,150.0
2013-10-01,三民第一,133.0
2013-10-01,苓雅市場,133.0
2013-10-01,中華市場,133.0
2013-10-01,旗山第一,100.0
2013-10-01,鳳山第一,0.0
2013-10-01,岡山文賢,132.0
2013-10-01,大寮大發,136.0
2013-10-01,橋頭市場,133.0
2013-10-02,國民市場,166.0
2013-10-02,鹽埕示範,166.0
2013-10-02,新興第二,133.0
2013-10-02,三民第二,133.0
2013-10-02,左營第四,133.0
2013-10-02,鼓山第三,116.0
2013-10-02,楠梓市場,150.0
2013-10-02,三民第一,133.0
2013-10-02,苓雅市場,133.0
2013-10-02,中華市場,133.0
2013-10-02,旗山第一,100.0
2013-10-02,鳳山第一,0.0
2013-10-02,岡山文賢,132.0
2013-10-02,大寮大發,136.0
2013-10-02,橋頭市場,133.0
2013-10-04,國民市場,166.0
2013-10-04,鹽埕示範,166.0
2013-10-04,新興第二,133.0
2013-10-04,三民第二,133.0
2013-10-04,左營第四,133.0
2013-10-04,鼓山第三,116.0
2013-10-04,楠梓市場,150.0
2013-10-04,三民第一,133.0
2013-10-04,苓雅市場,133.0
2013-10-04,中華市場,133.0
2013-10-04,旗山第一,100.0
2013-10-04,鳳山第一,0.0
2013-10-04,岡山文賢,132.0
2013-10-04,大寮大發,136.0
2013-10-04,橋頭市場,133.0
2013-10-05,國民市場,166.0
2013-10-05,鹽埕示範,166.0
2013-10-05,新興第二,133.0
2013-10-05,三民第二,150.0
2013-10-05,左營第四,133.0
2013-10-05,鼓山第三,116.0
2013-10-05,楠梓市場,150.0
2013-10-05,三民第一,133.0
2013-10-05,苓雅市場,133.0
2013-10-05,中華市場,133.0
2013-10-05,旗山第一,100.0
2013-10-05,鳳山第一,0.0
2013-10-05,岡山文賢,132.0
2013-10-05,大寮大發,142.0
2013-10-05,橋頭市場,133.0
2013-10-06,國民市場,166.0
2013-10-06,鹽埕示範,166.0
2013-10-06,新興第二,133.0
2013-10-06,三民第二,150.0
2013-10-06,左營第四,133.0
2013-10-06,鼓山第三,116.0
2013-10-06,楠梓市場,150.0
2013-10-06,三民第一,133.0
2013-10-06,苓雅市場,133.0
2013-10-06,中華市場,133.0
2013-10-06,旗山第一,100.0
2013-10-06,鳳山第一,
2013-10-06,岡山文賢,132.0
2013-10-06,大寮大發,142.0
2013-10-06,橋頭市場,133.0
2013-10-07,國民市場,166.0
2013-10-07,鹽埕示範,166.0
2013-10-07,新興第二,133.0
2013-10-07,三民第二,150.0
2013-10-07,左營第四,133.0
2013-10-07,鼓山第三,133.0
2013-10-07,楠梓市場,150.0
2013-10-07,三民第一,133.0
2013-10-07,苓雅市場,133.0
2013-10-07,中華市場,133.0
2013-10-07,旗山第一,100.0
2013-10-07,鳳山第一,0.0
2013-10-07,岡山文賢,132.0
2013-10-07,大寮大發,142.0
2013-10-07,橋頭市場,133.0
2013-10-08,國民市場,166.0
2013-10-08,鹽埕示範,166.0
2013-10-08,新興第二,133.0
2013-10-08,三民第二,150.0
2013-10-08,左營第四,133.0
2013-10-08,鼓山第三,133.0
2013-10-08,楠梓市場,150.0
2013-10-08,三民第一,133.0
2013-10-08,苓雅市場,133.0
2013-10-08,中華市場,133.0
2013-10-08,旗山第一,100.0
2013-10-08,鳳山第一,0.0
2013-10-08,岡山文賢,132.0
2013-10-08,大寮大發,142.0
2013-10-08,橋頭市場,133.0
2013-10-09,國民市場,166.0
2013-10-09,鹽埕示範,166.0
2013-10-09,新興第二,133.0
2013-10-09,三民第二,133.0
2013-10-09,左營第四,133.0
2013-10-09,鼓山第三,133.0
2013-10-09,楠梓市場,150.0
2013-10-09,三民第一,133.0
2013-10-09,苓雅市場,133.0
2013-10-09,中華市場,133.0
2013-10-09,旗山第一,100.0
2013-10-09,鳳山第一,0.0
2013-10-09,岡山文賢,132.0
2013-10-09,大寮大發,142.0
2013-10-09,橋頭市場,133.0
2013-10-10,國民市場,166.0
2013-10-10,鹽埕示範,166.0
2013-10-10,新興第二,133.0
2013-10-10,三民第二,116.0
2013-10-10,左營第四,133.0
2013-10-10,鼓山第三,133.0
2013-10-10,楠梓市場,150.0
2013-10-10,三民第一,133.0
2013-10-10,苓雅市場,133.0
2013-10-10,中華市場,133.0
2013-10-10,旗山第一,100.0
2013-10-10,鳳山第一,
2013-10-10,岡山文賢,132.0
2013-10-10,大寮大發,142.0
2013-10-10,橋頭市場,
2013-10-11,國民市場,166.0
2013-10-11,鹽埕示範,166.0
2013-10-11,新興第二,133.0
2013-10-11,三民第二,116.0
2013-10-11,左營第四,133.0
2013-10-11,鼓山第三,133.0
2013-10-11,楠梓市場,150.0
2013-10-11,三民第一,133.0
2013-10-11,苓雅市場,133.0
2013-10-11,中華市場,133.0
2013-10-11,旗山第一,100.0
2013-10-11,鳳山第一,0.0
2013-10-11,岡山文賢,132.0
2013-10-11,大寮大發,142.0
2013-10-11,橋頭市場,133.0
2013-10-12,國民市場,166.0
2013-10-12,鹽埕示範,166.0
2013-10-12,新興第二,133.0
2013-10-12,三民第二,116.0
2013-10-12,左營第四,133.0
2013-10-12,鼓山第三,133.0
2013-10-12,楠梓市場,150.0
2013-10-12,三民第一,133.0
2013-10-12,苓雅市場,133.0
2013-10-12,中華市場,133.0
2013-10-12,旗山第一,100.0
2013-10-12,鳳山第一,0.0
2013-10-12,岡山文賢,132.0
2013-10-12,大寮大發,152.0
2013-10-12,橋頭市場,133.0
2013-10-13,國民市場,166.0
2013-10-13,鹽埕示範,166.0
2013-10-13,新興第二,133.0
2013-10-13,三民第二,116.0
2013-10-13,左營第四,133.0
2013-10-13,鼓山第三,133.0
2013-10-13,楠梓市場,150.0
2013-10-13,三民第一,133.0
2013-10-13,苓雅市場,133.0
2013-10-13,中華市場,133.0
2013-10-13,旗山第一,100.0
2013-10-13,鳳山第一,
2013-10-13,岡山文賢,132.0
2013-10-13,大寮大發,152.0
2013-10-13,橋頭市場,133.0
2013-10-14,國民市場,166.0
2013-10-14,鹽埕示範,166.0
2013-10-14,新興第二,133.0
2013-10-14,三民第二,116.0
2013-10-14,左營第四,133.0
2013-10-14,鼓山第三,133.0
2013-10-14,楠梓市場,150.0
2013-10-14,三民第一,133.0
2013-10-14,苓雅市場,133.0
2013-10-14,中華市場,133.0
2013-10-14,旗山第一,100.0
2013-10-14,鳳山第一,0.0
2013-10-14,岡山文賢,132.0
2013-10-14,大寮大發,152.0
2013-10-14,橋頭市場,133.0
2013-10-15,國民市場,166.0
2013-10-15,鹽埕示範,166.0
2013-10-15,新興第二,133.0
2013-10-15,三民第二,133.0
2013-10-15,左營第四,133.0
2013-10-15,鼓山第三,133.0
2013-10-15,楠梓市場,133.0
2013-10-15,三民第一,133.0
2013-10-15,苓雅市場,133.0
2013-10-15,中華市場,133.0
2013-10-15,旗山第一,100.0
2013-10-15,鳳山第一,0.0
2013-10-15,岡山文賢,132.0
2013-10-15,大寮大發,152.0
2013-10-15,橋頭市場,133.0
2013-10-16,國民市場,166.0
2013-10-16,鹽埕示範,166.0
2013-10-16,新興第二,133.0
2013-10-16,三民第二,133.0
2013-10-16,左營第四,133.0
2013-10-16,鼓山第三,133.0
2013-10-16,楠梓市場,133.0
2013-10-16,三民第一,133.0
2013-10-16,苓雅市場,133.0
2013-10-16,中華市場,133.0
2013-10-16,旗山第一,120.0
2013-10-16,鳳山第一,0.0
2013-10-16,岡山文賢,132.0
2013-10-16,大寮大發,152.0
2013-10-16,橋頭市場,133.0
2013-10-17,國民市場,166.0
2013-10-17,鹽埕示範,166.0
2013-10-17,新興第二,133.0
2013-10-17,三民第二,133.0
2013-10-17,左營第四,133.0
2013-10-17,鼓山第三,133.0
2013-10-17,楠梓市場,133.0
2013-10-17,三民第一,133.0
2013-10-17,苓雅市場,133.0
2013-10-17,中華市場,133.0
2013-10-17,旗山第一,120.0
2013-10-17,鳳山第一,0.0
2013-10-17,岡山文賢,132.0
2013-10-17,大寮大發,152.0
2013-10-17,橋頭市場,133.0
2013-10-18,國民市場,166.0
2013-10-18,鹽埕示範,166.0
2013-10-18,新興第二,133.0
2013-10-18,三民第二,133.0
2013-10-18,左營第四,133.0
2013-10-18,鼓山第三,133.0
2013-10-18,楠梓市場,133.0
2013-10-18,三民第一,133.0
2013-10-18,苓雅市場,133.0
2013-10-18,中華市場,133.0
2013-10-18,旗山第一,120.0
2013-10-18,鳳山第一,0.0
2013-10-18,岡山文賢,132.0
2013-10-18,大寮大發,152.0
2013-10-18,橋頭市場,133.0
2013-10-19,國民市場,166.0
2013-10-19,鹽埕示範,166.0
2013-10-19,新興第二,133.0
2013-10-19,三民第二,133.0
2013-10-19,左營第四,133.0
2013-10-19,鼓山第三,133.0
2013-10-19,楠梓市場,133.0
2013-10-19,三民第一,133.0
2013-10-19,苓雅市場,133.0
2013-10-19,中華市場,133.0
2013-10-19,旗山第一,120.0
2013-10-19,鳳山第一,0.0
2013-10-19,岡山文賢,132.0
2013-10-19,大寮大發,152.0
2013-10-19,橋頭市場,
2013-10-20,國民市場,166.0
2013-10-20,鹽埕示範,166.0
2013-10-20,新興第二,133.0
2013-10-20,三民第二,133.0
2013-10-20,左營第四,133.0
2013-10-20,鼓山第三,133.0
2013-10-20,楠梓市場,133.0
2013-10-20,三民第一,133.0
2013-10-20,苓雅市場,133.0
2013-10-20,中華市場,133.0
2013-10-20,旗山第一,120.0
2013-10-20,鳳山第一,
2013-10-20,岡山文賢,132.0
2013-10-20,大寮大發,152.0
2013-10-20,橋頭市場,
2013-10-21,國民市場,
2013-10-21,鹽埕示範,
2013-10-21,新興第二,
2013-10-21,三民第二,
2013-10-21,左營第四,
2013-10-21,鼓山第三,
2013-10-21,楠梓市場,
2013-10-21,三民第一,
2013-10-21,苓雅市場,
2013-10-21,中華市場,
2013-10-21,旗山第一,120.0
2013-10-21,鳳山第一,
2013-10-21,岡山文賢,142.0
2013-10-21,大寮大發,
2013-10-21,橋頭市場,
2013-10-22,國民市場,133.0
2013-10-22,鹽埕示範,166.0
2013-10-22,新興第二,133.0
2013-10-22,三民第二,133.0
2013-10-22,左營第四,133.0
2013-10-22,鼓山第三,133.0
2013-10-22,楠梓市場,133.0
2013-10-22,三民第一,133.0
2013-10-22,苓雅市場,133.0
2013-10-22,中華市場,133.0
2013-10-22,旗山第一,120.0
2013-10-22,鳳山第一,0.0
2013-10-22,岡山文賢,142.0
2013-10-22,大寮大發,138.0
2013-10-22,橋頭市場,133.0
2013-10-23,國民市場,150.0
2013-10-23,鹽埕示範,166.0
2013-10-23,新興第二,133.0
2013-10-23,三民第二,133.0
2013-10-23,左營第四,133.0
2013-10-23,鼓山第三,133.0
2013-10-23,楠梓市場,133.0
2013-10-23,三民第一,133.0
2013-10-23,苓雅市場,133.0
2013-10-23,中華市場,133.0
2013-10-23,旗山第一,120.0
2013-10-23,鳳山第一,0.0
2013-10-23,岡山文賢,142.0
2013-10-23,大寮大發,138.0
2013-10-23,橋頭市場,133.0
2013-10-24,國民市場,150.0
2013-10-24,鹽埕示範,166.0
2013-10-24,新興第二,133.0
2013-10-24,三民第二,133.0
2013-10-24,左營第四,133.0
2013-10-24,鼓山第三,133.0
2013-10-24,楠梓市場,133.0
2013-10-24,三民第一,133.0
2013-10-24,苓雅市場,133.0
2013-10-24,中華市場,133.0
2013-10-24,旗山第一,120.0
2013-10-24,鳳山第一,0.0
2013-10-24,岡山文賢,142.0
2013-10-24,大寮大發,132.0
2013-10-24,橋頭市場,133.0
2013-10-25,國民市場,150.0
2013-10-25,鹽埕示範,166.0
2013-10-25,新興第二,133.0
2013-10-25,三民第二,133.0
2013-10-25,左營第四,133.0
2013-10-25,鼓山第三,133.0
2013-10-25,楠梓市場,133.0
2013-10-25,三民第一,133.0
2013-10-25,苓雅市場,133.0
2013-10-25,中華市場,133.0
2013-10-25,旗山第一,120.0
2013-10-25,鳳山第一,0.0
2013-10-25,岡山文賢,142.0
2013-10-25,大寮大發,132.0
2013-10-25,橋頭市場,133.0
2013-10-26,國民市場,150.0
2013-10-26,鹽埕示範,166.0
2013-10-26,新興第二,133.0
2013-10-26,三民第二,133.0
2013-10-26,左營第四,133.0
2013-10-26,鼓山第三,133.0
2013-10-26,楠梓市場,133.0
2013-10-26,三民第一,133.0
2013-10-26,苓雅市場,133.0
2013-10-26,中華市場,133.0
2013-10-26,旗山第一,120.0
2013-10-26,鳳山第一,
2013-10-26,岡山文賢,142.0
2013-10-26,大寮大發,136.0
2013-10-26,橋頭市場,133.0
2013-10-27,國民市場,
2013-10-27,鹽埕示範,166.0
2013-10-27,新興第二,133.0
2013-10-27,三民第二,133.0
2013-10-27,左營第四,133.0
2013-10-27,鼓山第三,133.0
2013-10-27,楠梓市場,133.0
2013-10-27,三民第一,133.0
2013-10-27,苓雅市場,133.0
2013-10-27,中華市場,133.0
2013-10-27,旗山第一,120.0
2013-10-27,鳳山第一,
2013-10-27,岡山文賢,142.0
2013-10-27,大寮大發,136.0
2013-10-27,橋頭市場,133.0
2013-10-28,國民市場,133.0
2013-10-28,鹽埕示範,166.0
2013-10-28,新興第二,133.0
2013-10-28,三民第二,133.0
2013-10-28,左營第四,133.0
2013-10-28,鼓山第三,133.0
2013-10-28,楠梓市場,133.0
2013-10-28,三民第一,133.0
2013-10-28,苓雅市場,133.0
2013-10-28,中華市場,133.0
2013-10-28,旗山第一,120.0
2013-10-28,鳳山第一,0.0
2013-10-28,岡山文賢,132.0
2013-10-28,大寮大發,136.0
2013-10-28,橋頭市場,133.0
2013-10-29,國民市場,133.0
2013-10-29,鹽埕示範,166.0
2013-10-29,新興第二,133.0
2013-10-29,三民第二,133.0
2013-10-29,左營第四,133.0
2013-10-29,鼓山第三,133.0
2013-10-29,楠梓市場,133.0
2013-10-29,三民第一,133.0
2013-10-29,苓雅市場,133.0
2013-10-29,中華市場,133.0
2013-10-29,旗山第一,120.0
2013-10-29,鳳山第一,0.0
2013-10-29,岡山文賢,132.0
2013-10-29,大寮大發,136.0
2013-10-29,橋頭市場,133.0
2013-10-30,國民市場,133.0
2013-10-30,鹽埕示範,133.0
2013-10-30,新興第二,133.0
2013-10-30,三民第二,133.0
2013-10-30,左營第四,133.0
2013-10-30,鼓山第三,133.0
2013-10-30,楠梓市場,133.0
2013-10-30,三民第一,133.0
2013-10-30,苓雅市場,133.0
2013-10-30,中華市場,133.0
2013-10-30,旗山第一,120.0
2013-10-30,鳳山第一,0.0
2013-10-30,岡山文賢,132.0
2013-10-30,大寮大發,136.0
2013-10-30,橋頭市場,133.0
2013-10-31,國民市場,166.0
2013-10-31,鹽埕示範,133.0
2013-10-31,新興第二,133.0
2013-10-31,三民第二,133.0
2013-10-31,左營第四,133.0
2013-10-31,鼓山第三,133.0
2013-10-31,楠梓市場,133.0
2013-10-31,三民第一,133.0
2013-10-31,苓雅市場,133.0
2013-10-31,中華市場,133.0
2013-10-31,旗山第一,120.0
2013-10-31,鳳山第一,0.0
2013-10-31,岡山文賢,132.0
2013-10-31,大寮大發,136.0
2013-10-31,橋頭市場,133.0
2013-11-01,國民市場,166.0
2013-11-01,鹽埕示範,133.0
2013-11-01,新興第二,133.0
2013-11-01,三民第二,133.0
2013-11-01,左營第四,133.0
2013-11-01,鼓山第三,133.0
2013-11-01,楠梓市場,133.0
2013-11-01,三民第一,133.0
2013-11-01,苓雅市場,133.0
2013-11-01,中華市場,133.0
2013-11-01,旗山第一,120.0
2013-11-01,鳳山第一,0.0
2013-11-01,岡山文賢,132.0
2013-11-01,大寮大發,136.0
2013-11-01,橋頭市場,132.0
2013-11-02,國民市場,166.0
2013-11-02,鹽埕示範,133.0
2013-11-02,新興第二,133.0
2013-11-02,三民第二,133.0
2013-11-02,左營第四,133.0
2013-11-02,鼓山第三,133.0
2013-11-02,楠梓市場,133.0
2013-11-02,三民第一,133.0
2013-11-02,苓雅市場,133.0
2013-11-02,中華市場,133.0
2013-11-02,旗山第一,120.0
2013-11-02,鳳山第一,0.0
2013-11-02,岡山文賢,132.0
2013-11-02,大寮大發,136.0
2013-11-02,橋頭市場,
2013-11-03,國民市場,166.0
2013-11-03,鹽埕示範,133.0
2013-11-03,新興第二,133.0
2013-11-03,三民第二,133.0
2013-11-03,左營第四,133.0
2013-11-03,鼓山第三,133.0
2013-11-03,楠梓市場,133.0
2013-11-03,三民第一,133.0
2013-11-03,苓雅市場,133.0
2013-11-03,中華市場,133.0
2013-11-03,旗山第一,120.0
2013-11-03,鳳山第一,
2013-11-03,岡山文賢,132.0
2013-11-03,大寮大發,136.0
2013-11-03,橋頭市場,
2013-11-04,國民市場,166.0
2013-11-04,鹽埕示範,133.0
2013-11-04,新興第二,133.0
2013-11-04,三民第二,133.0
2013-11-04,左營第四,133.0
2013-11-04,鼓山第三,133.0
2013-11-04,楠梓市場,133.0
2013-11-04,三民第一,133.0
2013-11-04,苓雅市場,133.0
2013-11-04,中華市場,133.0
2013-11-04,旗山第一,120.0
2013-11-04,鳳山第一,0.0
2013-11-04,岡山文賢,148.0
2013-11-04,大寮大發,132.0
2013-11-04,橋頭市場,132.0
2013-11-05,國民市場,166.0
2013-11-05,鹽埕示範,133.0
2013-11-05,新興第二,133.0
2013-11-05,三民第二,133.0
2013-11-05,左營第四,133.0
2013-11-05,鼓山第三,133.0
2013-11-05,楠梓市場,133.0
2013-11-05,三民第一,133.0
2013-11-05,苓雅市場,133.0
2013-11-05,中華市場,133.0
2013-11-05,旗山第一,120.0
2013-11-05,鳳山第一,0.0
2013-11-05,岡山文賢,148.0
2013-11-05,大寮大發,132.0
2013-11-05,橋頭市場,132.0
2013-11-06,國民市場,166.0
2013-11-06,鹽埕示範,133.0
2013-11-06,新興第二,133.0
2013-11-06,三民第二,133.0
2013-11-06,左營第四,133.0
2013-11-06,鼓山第三,133.0
2013-11-06,楠梓市場,133.0
2013-11-06,三民第一,133.0
2013-11-06,苓雅市場,133.0
2013-11-06,中華市場,133.0
2013-11-06,旗山第一,120.0
2013-11-06,鳳山第一,0.0
2013-11-06,岡山文賢,148.0
2013-11-06,大寮大發,132.0
2013-11-06,橋頭市場,132.0
2013-11-07,國民市場,166.0
2013-11-07,鹽埕示範,133.0
2013-11-07,新興第二,133.0
2013-11-07,三民第二,133.0
2013-11-07,左營第四,133.0
2013-11-07,鼓山第三,133.0
2013-11-07,楠梓市場,133.0
2013-11-07,三民第一,133.0
2013-11-07,苓雅市場,133.0
2013-11-07,中華市場,133.0
2013-11-07,旗山第一,120.0
2013-11-07,鳳山第一,0.0
2013-11-07,岡山文賢,148.0
2013-11-07,大寮大發,132.0
2013-11-07,橋頭市場,132.0
2013-11-08,國民市場,166.0
2013-11-08,鹽埕示範,133.0
2013-11-08,新興第二,133.0
2013-11-08,三民第二,133.0
2013-11-08,左營第四,133.0
2013-11-08,鼓山第三,133.0
2013-11-08,楠梓市場,133.0
2013-11-08,三民第一,133.0
2013-11-08,苓雅市場,133.0
2013-11-08,中華市場,133.0
2013-11-08,旗山第一,120.0
2013-11-08,鳳山第一,0.0
2013-11-08,岡山文賢,148.0
2013-11-08,大寮大發,132.0
2013-11-08,橋頭市場,133.0
2013-11-09,國民市場,166.0
2013-11-09,鹽埕示範,133.0
2013-11-09,新興第二,133.0
2013-11-09,三民第二,133.0
2013-11-09,左營第四,133.0
2013-11-09,鼓山第三,133.0
2013-11-09,楠梓市場,133.0
2013-11-09,三民第一,133.0
2013-11-09,苓雅市場,133.0
2013-11-09,中華市場,133.0
2013-11-09,旗山第一,120.0
2013-11-09,鳳山第一,0.0
2013-11-09,岡山文賢,148.0
2013-11-09,大寮大發,132.0
2013-11-09,橋頭市場,120.0
2013-11-10,國民市場,166.0
2013-11-10,鹽埕示範,133.0
2013-11-10,新興第二,133.0
2013-11-10,三民第二,133.0
2013-11-10,左營第四,133.0
2013-11-10,鼓山第三,133.0
2013-11-10,楠梓市場,133.0
2013-11-10,三民第一,133.0
2013-11-10,苓雅市場,133.0
2013-11-10,中華市場,133.0
2013-11-10,旗山第一,120.0
2013-11-10,鳳山第一,
2013-11-10,岡山文賢,148.0
2013-11-10,大寮大發,132.0
2013-11-10,橋頭市場,120.0
2013-11-11,國民市場,150.0
2013-11-11,鹽埕示範,133.0
2013-11-11,新興第二,133.0
2013-11-11,三民第二,133.0
2013-11-11,左營第四,133.0
2013-11-11,鼓山第三,133.0
2013-11-11,楠梓市場,0.0
2013-11-11,三民第一,133.0
2013-11-11,苓雅市場,133.0
2013-11-11,中華市場,133.0
2013-11-11,旗山第一,120.0
2013-11-11,鳳山第一,0.0
2013-11-11,岡山文賢,82.0
2013-11-11,大寮大發,120.0
2013-11-11,橋頭市場,120.0
2013-11-12,國民市場,150.0
2013-11-12,鹽埕示範,133.0
2013-11-12,新興第二,133.0
2013-11-12,三民第二,133.0
2013-11-12,左營第四,133.0
2013-11-12,鼓山第三,133.0
2013-11-12,楠梓市場,0.0
2013-11-12,三民第一,133.0
2013-11-12,苓雅市場,133.0
2013-11-12,中華市場,133.0
2013-11-12,旗山第一,120.0
2013-11-12,鳳山第一,0.0
2013-11-12,岡山文賢,82.0
2013-11-12,大寮大發,113.0
2013-11-12,橋頭市場,120.0
2013-11-13,國民市場,150.0
2013-11-13,鹽埕示範,133.0
2013-11-13,新興第二,133.0
2013-11-13,三民第二,133.0
2013-11-13,左營第四,133.0
2013-11-13,鼓山第三,133.0
2013-11-13,楠梓市場,0.0
2013-11-13,三民第一,133.0
2013-11-13,苓雅市場,133.0
2013-11-13,中華市場,133.0
2013-11-13,旗山第一,120.0
2013-11-13,鳳山第一,0.0
2013-11-13,岡山文賢,82.0
2013-11-13,大寮大發,113.0
2013-11-13,橋頭市場,120.0
2013-11-14,國民市場,150.0
2013-11-14,鹽埕示範,133.0
2013-11-14,新興第二,133.0
2013-11-14,三民第二,133.0
2013-11-14,左營第四,133.0
2013-11-14,鼓山第三,133.0
2013-11-14,楠梓市場,0.0
2013-11-14,三民第一,133.0
2013-11-14,苓雅市場,133.0
2013-11-14,中華市場,133.0
2013-11-14,旗山第一,120.0
2013-11-14,鳳山第一,0.0
2013-11-14,岡山文賢,82.0
2013-11-14,大寮大發,113.0
2013-11-14,橋頭市場,120.0
2013-11-15,國民市場,150.0
2013-11-15,鹽埕示範,133.0
2013-11-15,新興第二,133.0
2013-11-15,三民第二,133.0
2013-11-15,左營第四,133.0
2013-11-15,鼓山第三,133.0
2013-11-15,楠梓市場,0.0
2013-11-15,三民第一,133.0
2013-11-15,苓雅市場,133.0
2013-11-15,中華市場,133.0
2013-11-15,旗山第一,120.0
2013-11-15,鳳山第一,0.0
2013-11-15,岡山文賢,82.0
2013-11-15,大寮大發,113.0
2013-11-15,橋頭市場,
2013-11-16,國民市場,150.0
2013-11-16,鹽埕示範,133.0
2013-11-16,新興第二,133.0
2013-11-16,三民第二,133.0
2013-11-16,左營第四,133.0
2013-11-16,鼓山第三,133.0
2013-11-16,楠梓市場,0.0
2013-11-16,三民第一,133.0
2013-11-16,苓雅市場,133.0
2013-11-16,中華市場,133.0
2013-11-16,旗山第一,120.0
2013-11-16,鳳山第一,0.0
2013-11-16,岡山文賢,82.0
2013-11-16,大寮大發,113.0
2013-11-16,橋頭市場,133.0
2013-11-17,國民市場,150.0
2013-11-17,鹽埕示範,133.0
2013-11-17,新興第二,133.0
2013-11-17,三民第二,133.0
2013-11-17,左營第四,133.0
2013-11-17,鼓山第三,133.0
2013-11-17,楠梓市場,0.0
2013-11-17,三民第一,133.0
2013-11-17,苓雅市場,133.0
2013-11-17,中華市場,133.0
2013-11-17,旗山第一,120.0
2013-11-17,鳳山第一,
2013-11-17,岡山文賢,82.0
2013-11-17,大寮大發,113.0
2013-11-17,橋頭市場,133.0
2013-11-18,國民市場,166.0
2013-11-18,鹽埕示範,133.0
2013-11-18,新興第二,133.0
2013-11-18,三民第二,133.0
2013-11-18,左營第四,133.0
2013-11-18,鼓山第三,133.0
2013-11-18,楠梓市場,0.0
2013-11-18,三民第一,133.0
2013-11-18,苓雅市場,133.0
2013-11-18,中華市場,133.0
2013-11-18,旗山第一,120.0
2013-11-18,鳳山第一,0.0
2013-11-18,岡山文賢,148.0
2013-11-18,大寮大發,113.0
2013-11-18,橋頭市場,133.0
2013-11-19,國民市場,
2013-11-19,鹽埕示範,
2013-11-19,新興第二,
2013-11-19,三民第二,
2013-11-19,左營第四,
2013-11-19,鼓山第三,
2013-11-19,楠梓市場,
2013-11-19,三民第一,
2013-11-19,苓雅市場,
2013-11-19,中華市場,
2013-11-19,旗山第一,120.0
2013-11-19,鳳山第一,
2013-11-19,岡山文賢,148.0
2013-11-19,大寮大發,
2013-11-19,橋頭市場,133.0
2013-11-20,國民市場,150.0
2013-11-20,鹽埕示範,133.0
2013-11-20,新興第二,133.0
2013-11-20,三民第二,133.0
2013-11-20,左營第四,133.0
2013-11-20,鼓山第三,133.0
2013-11-20,楠梓市場,0.0
2013-11-20,三民第一,133.0
2013-11-20,苓雅市場,133.0
2013-11-20,中華市場,133.0
2013-11-20,旗山第一,120.0
2013-11-20,鳳山第一,0.0
2013-11-20,岡山文賢,148.0
2013-11-20,大寮大發,126.0
2013-11-20,橋頭市場,133.0
2013-11-21,國民市場,150.0
2013-11-21,鹽埕示範,133.0
2013-11-21,新興第二,133.0
2013-11-21,三民第二,133.0
2013-11-21,左營第四,133.0
2013-11-21,鼓山第三,133.0
2013-11-21,楠梓市場,0.0
2013-11-21,三民第一,133.0
2013-11-21,苓雅市場,133.0
2013-11-21,中華市場,133.0
2013-11-21,旗山第一,120.0
2013-11-21,鳳山第一,0.0
2013-11-21,岡山文賢,148.0
2013-11-21,大寮大發,126.0
2013-11-21,橋頭市場,133.0
2013-11-22,國民市場,150.0
2013-11-22,鹽埕示範,133.0
2013-11-22,新興第二,133.0
2013-11-22,三民第二,133.0
2013-11-22,左營第四,133.0
2013-11-22,鼓山第三,133.0
2013-11-22,楠梓市場,0.0
2013-11-22,三民第一,133.0
2013-11-22,苓雅市場,133.0
2013-11-22,中華市場,133.0
2013-11-22,旗山第一,120.0
2013-11-22,鳳山第一,0.0
2013-11-22,岡山文賢,148.0
2013-11-22,大寮大發,123.0
2013-11-22,橋頭市場,133.0
2013-11-23,國民市場,166.0
2013-11-23,鹽埕示範,133.0
2013-11-23,新興第二,133.0
2013-11-23,三民第二,133.0
2013-11-23,左營第四,133.0
2013-11-23,鼓山第三,133.0
2013-11-23,楠梓市場,0.0
2013-11-23,三民第一,133.0
2013-11-23,苓雅市場,133.0
2013-11-23,中華市場,133.0
2013-11-23,旗山第一,120.0
2013-11-23,鳳山第一,0.0
2013-11-23,岡山文賢,148.0
2013-11-23,大寮大發,123.0
2013-11-23,橋頭市場,133.0
2013-11-24,國民市場,166.0
2013-11-24,鹽埕示範,133.0
2013-11-24,新興第二,133.0
2013-11-24,三民第二,133.0
2013-11-24,左營第四,133.0
2013-11-24,鼓山第三,133.0
2013-11-24,楠梓市場,0.0
2013-11-24,三民第一,133.0
2013-11-24,苓雅市場,133.0
2013-11-24,中華市場,133.0
2013-11-24,旗山第一,120.0
2013-11-24,鳳山第一,
2013-11-24,岡山文賢,148.0
2013-11-24,大寮大發,118.0
2013-11-24,橋頭市場,133.0
2013-11-25,國民市場,166.0
2013-11-25,鹽埕示範,133.0
2013-11-25,新興第二,133.0
2013-11-25,三民第二,133.0
2013-11-25,左營第四,133.0
2013-11-25,鼓山第三,133.0
2013-11-25,楠梓市場,0.0
2013-11-25,三民第一,133.0
2013-11-25,苓雅市場,148.0
2013-11-25,中華市場,133.0
2013-11-25,旗山第一,120.0
2013-11-25,鳳山第一,0.0
2013-11-25,岡山文賢,148.0
2013-11-25,大寮大發,118.0
2013-11-25,橋頭市場,133.0
2013-11-26,國民市場,166.0
2013-11-26,鹽埕示範,133.0
2013-11-26,新興第二,133.0
2013-11-26,三民第二,133.0
2013-11-26,左營第四,133.0
2013-11-26,鼓山第三,133.0
2013-11-26,楠梓市場,133.0
2013-11-26,三民第一,133.0
2013-11-26,苓雅市場,133.0
2013-11-26,中華市場,133.0
2013-11-26,旗山第一,120.0
2013-11-26,鳳山第一,0.0
2013-11-26,岡山文賢,148.0
2013-11-26,大寮大發,118.0
2013-11-26,橋頭市場,133.0
2013-11-27,國民市場,150.0
2013-11-27,鹽埕示範,116.0
2013-11-27,新興第二,133.0
2013-11-27,三民第二,133.0
2013-11-27,左營第四,133.0
2013-11-27,鼓山第三,133.0
2013-11-27,楠梓市場,133.0
2013-11-27,三民第一,133.0
2013-11-27,苓雅市場,136.0
2013-11-27,中華市場,133.0
2013-11-27,旗山第一,120.0
2013-11-27,鳳山第一,0.0
2013-11-27,岡山文賢,148.0
2013-11-27,大寮大發,118.0
2013-11-27,橋頭市場,133.0
2013-11-28,國民市場,150.0
2013-11-28,鹽埕示範,116.0
2013-11-28,新興第二,133.0
2013-11-28,三民第二,133.0
2013-11-28,左營第四,133.0
2013-11-28,鼓山第三,133.0
2013-11-28,楠梓市場,133.0
2013-11-28,三民第一,133.0
2013-11-28,苓雅市場,133.0
2013-11-28,中華市場,133.0
2013-11-28,旗山第一,120.0
2013-11-28,鳳山第一,0.0
2013-11-28,岡山文賢,
2013-11-28,大寮大發,128.0
2013-11-28,橋頭市場,133.0
2013-11-29,國民市場,150.0
2013-11-29,鹽埕示範,116.0
2013-11-29,新興第二,133.0
2013-11-29,三民第二,133.0
2013-11-29,左營第四,133.0
2013-11-29,鼓山第三,133.0
2013-11-29,楠梓市場,133.0
2013-11-29,三民第一,133.0
2013-11-29,苓雅市場,133.0
2013-11-29,中華市場,133.0
2013-11-29,旗山第一,120.0
2013-11-29,鳳山第一,0.0
2013-11-29,岡山文賢,
2013-11-29,大寮大發,128.0
2013-11-29,橋頭市場,133.0
2013-11-30,國民市場,150.0
2013-11-30,鹽埕示範,150.0
2013-11-30,新興第二,133.0
2013-11-30,三民第二,133.0
2013-11-30,左營第四,133.0
2013-11-30,鼓山第三,133.0
2013-11-30,楠梓市場,133.0
2013-11-30,三民第一,133.0
2013-11-30,苓雅市場,133.0
2013-11-30,中華市場,133.0
2013-11-30,旗山第一,120.0
2013-11-30,鳳山第一,
2013-11-30,岡山文賢,148.0
2013-11-30,大寮大發,128.0
2013-11-30,橋頭市場,133.0
2013-12-01,國民市場,150.0
2013-12-01,鹽埕示範,150.0
2013-12-01,新興第二,133.0
2013-12-01,三民第二,133.0
2013-12-01,左營第四,133.0
2013-12-01,鼓山第三,133.0
2013-12-01,楠梓市場,133.0
2013-12-01,三民第一,133.0
2013-12-01,苓雅市場,133.0
2013-12-01,中華市場,133.0
2013-12-01,旗山第一,120.0
2013-12-01,鳳山第一,
2013-12-01,岡山文賢,148.0
2013-12-01,大寮大發,130.0
2013-12-01,橋頭市場,133.0
2013-12-02,國民市場,150.0
2013-12-02,鹽埕示範,150.0
2013-12-02,新興第二,133.0
2013-12-02,三民第二,133.0
2013-12-02,左營第四,133.0
2013-12-02,鼓山第三,133.0
2013-12-02,楠梓市場,133.0
2013-12-02,三民第一,133.0
2013-12-02,苓雅市場,150.0
2013-12-02,中華市場,133.0
2013-12-02,旗山第一,120.0
2013-12-02,鳳山第一,0.0
2013-12-02,岡山文賢,158.0
2013-12-02,大寮大發,130.0
2013-12-02,橋頭市場,133.0
2013-12-03,國民市場,150.0
2013-12-03,鹽埕示範,150.0
2013-12-03,新興第二,133.0
2013-12-03,三民第二,133.0
2013-12-03,左營第四,133.0
2013-12-03,鼓山第三,133.0
2013-12-03,楠梓市場,133.0
2013-12-03,三民第一,133.0
2013-12-03,苓雅市場,150.0
2013-12-03,中華市場,133.0
2013-12-03,旗山第一,120.0
2013-12-03,鳳山第一,0.0
2013-12-03,岡山文賢,158.0
2013-12-03,大寮大發,130.0
2013-12-03,橋頭市場,133.0
2013-12-04,國民市場,150.0
2013-12-04,鹽埕示範,150.0
2013-12-04,新興第二,133.0
2013-12-04,三民第二,133.0
2013-12-04,左營第四,133.0
2013-12-04,鼓山第三,133.0
2013-12-04,楠梓市場,133.0
2013-12-04,三民第一,133.0
2013-12-04,苓雅市場,133.0
2013-12-04,中華市場,133.0
2013-12-04,旗山第一,120.0
2013-12-04,鳳山第一,0.0
2013-12-04,岡山文賢,158.0
2013-12-04,大寮大發,130.0
2013-12-04,橋頭市場,133.0
2013-12-05,國民市場,150.0
2013-12-05,鹽埕示範,150.0
2013-12-05,新興第二,133.0
2013-12-05,三民第二,133.0
2013-12-05,左營第四,133.0
2013-12-05,鼓山第三,133.0
2013-12-05,楠梓市場,133.0
2013-12-05,三民第一,133.0
2013-12-05,苓雅市場,165.0
2013-12-05,中華市場,133.0
2013-12-05,旗山第一,115.0
2013-12-05,鳳山第一,0.0
2013-12-05,岡山文賢,158.0
2013-12-05,大寮大發,126.0
2013-12-05,橋頭市場,133.0
2013-12-06,國民市場,150.0
2013-12-06,鹽埕示範,150.0
2013-12-06,新興第二,133.0
2013-12-06,三民第二,133.0
2013-12-06,左營第四,133.0
2013-12-06,鼓山第三,133.0
2013-12-06,楠梓市場,133.0
2013-12-06,三民第一,133.0
2013-12-06,苓雅市場,165.0
2013-12-06,中華市場,133.0
2013-12-06,旗山第一,115.0
2013-12-06,鳳山第一,0.0
2013-12-06,岡山文賢,158.0
2013-12-06,大寮大發,126.0
2013-12-06,橋頭市場,133.0
2013-12-07,國民市場,150.0
2013-12-07,鹽埕示範,150.0
2013-12-07,新興第二,133.0
2013-12-07,三民第二,133.0
2013-12-07,左營第四,133.0
2013-12-07,鼓山第三,133.0
2013-12-07,楠梓市場,133.0
2013-12-07,三民第一,133.0
2013-12-07,苓雅市場,150.0
2013-12-07,中華市場,133.0
2013-12-07,旗山第一,115.0
2013-12-07,鳳山第一,0.0
2013-12-07,岡山文賢,158.0
2013-12-07,大寮大發,130.0
2013-12-07,橋頭市場,133.0
2013-12-08,國民市場,150.0
2013-12-08,鹽埕示範,150.0
2013-12-08,新興第二,133.0
2013-12-08,三民第二,133.0
2013-12-08,左營第四,133.0
2013-12-08,鼓山第三,133.0
2013-12-08,楠梓市場,133.0
2013-12-08,三民第一,133.0
2013-12-08,苓雅市場,150.0
2013-12-08,中華市場,133.0
2013-12-08,旗山第一,115.0
2013-12-08,鳳山第一,
2013-12-08,岡山文賢,158.0
2013-12-08,大寮大發,130.0
2013-12-08,橋頭市場,133.0
2013-12-09,國民市場,150.0
2013-12-09,鹽埕示範,150.0
2013-12-09,新興第二,133.0
2013-12-09,三民第二,133.0
2013-12-09,左營第四,133.0
2013-12-09,鼓山第三,133.0
2013-12-09,楠梓市場,133.0
2013-12-09,三民第一,133.0
2013-12-09,苓雅市場,133.0
2013-12-09,中華市場,133.0
2013-12-09,旗山第一,115.0
2013-12-09,鳳山第一,0.0
2013-12-09,岡山文賢,158.0
2013-12-09,大寮大發,130.0
2013-12-09,橋頭市場,133.0
2013-12-10,國民市場,150.0
2013-12-10,鹽埕示範,150.0
2013-12-10,新興第二,133.0
2013-12-10,三民第二,133.0
2013-12-10,左營第四,133.0
2013-12-10,鼓山第三,133.0
2013-12-10,楠梓市場,133.0
2013-12-10,三民第一,133.0
2013-12-10,苓雅市場,130.0
2013-12-10,中華市場,133.0
2013-12-10,旗山第一,115.0
2013-12-10,鳳山第一,0.0
2013-12-10,岡山文賢,158.0
2013-12-10,大寮大發,130.0
2013-12-10,橋頭市場,133.0
2013-12-11,國民市場,150.0
2013-12-11,鹽埕示範,150.0
2013-12-11,新興第二,133.0
2013-12-11,三民第二,133.0
2013-12-11,左營第四,133.0
2013-12-11,鼓山第三,133.0
2013-12-11,楠梓市場,133.0
2013-12-11,三民第一,133.0
2013-12-11,苓雅市場,133.0
2013-12-11,中華市場,133.0
2013-12-11,旗山第一,115.0
2013-12-11,鳳山第一,0.0
2013-12-11,岡山文賢,158.0
2013-12-11,大寮大發,130.0
2013-12-11,橋頭市場,133.0
2013-12-12,國民市場,150.0
2013-12-12,鹽埕示範,150.0
2013-12-12,新興第二,133.0
2013-12-12,三民第二,133.0
2013-12-12,左營第四,133.0
2013-12-12,鼓山第三,133.0
2013-12-12,楠梓市場,133.0
2013-12-12,三民第一,133.0
2013-12-12,苓雅市場,133.0
2013-12-12,中華市場,133.0
2013-12-12,旗山第一,115.0
2013-12-12,鳳山第一,0.0
2013-12-12,岡山文賢,158.0
2013-12-12,大寮大發,130.0
2013-12-12,橋頭市場,133.0
2013-12-13,國民市場,150.0
2013-12-13,鹽埕示範,150.0
2013-12-13,新興第二,133.0
2013-12-13,三民第二,133.0
2013-12-13,左營第四,133.0
2013-12-13,鼓山第三,133.0
2013-12-13,楠梓市場,133.0
2013-12-13,三民第一,133.0
2013-12-13,苓雅市場,148.0
2013-12-13,中華市場,133.0
2013-12-13,旗山第一,115.0
2013-12-13,鳳山第一,0.0
2013-12-13,岡山文賢,158.0
2013-12-13,大寮大發,130.0
2013-12-13,橋頭市場,133.0
2013-12-14,國民市場,150.0
2013-12-14,鹽埕示範,150.0
2013-12-14,新興第二,133.0
2013-12-14,三民第二,133.0
2013-12-14,左營第四,133.0
2013-12-14,鼓山第三,133.0
2013-12-14,楠梓市場,133.0
2013-12-14,三民第一,133.0
2013-12-14,苓雅市場,148.0
2013-12-14,中華市場,133.0
2013-12-14,旗山第一,115.0
2013-12-14,鳳山第一,0.0
2013-12-14,岡山文賢,158.0
2013-12-14,大寮大發,130.0
2013-12-14,橋頭市場,133.0
2013-12-15,國民市場,150.0
2013-12-15,鹽埕示範,150.0
2013-12-15,新興第二,133.0
2013-12-15,三民第二,133.0
2013-12-15,左營第四,133.0
2013-12-15,鼓山第三,133.0
2013-12-15,楠梓市場,133.0
2013-12-15,三民第一,133.0
2013-12-15,苓雅市場,148.0
2013-12-15,中華市場,133.0
2013-12-15,旗山第一,115.0
2013-12-15,鳳山第一,
2013-12-15,岡山文賢,158.0
2013-12-15,大寮大發,130.0
2013-12-15,橋頭市場,133.0
2013-12-16,國民市場,150.0
2013-12-16,鹽埕示範,150.0
2013-12-16,新興第二,133.0
2013-12-16,三民第二,133.0
2013-12-16,左營第四,133.0
2013-12-16,鼓山第三,133.0
2013-12-16,楠梓市場,133.0
2013-12-16,三民第一,133.0
2013-12-16,苓雅市場,148.0
2013-12-16,中華市場,133.0
2013-12-16,旗山第一,115.0
2013-12-16,鳳山第一,0.0
2013-12-16,岡山文賢,158.0
2013-12-16,大寮大發,130.0
2013-12-16,橋頭市場,133.0
2013-12-17,國民市場,150.0
2013-12-17,鹽埕示範,150.0
2013-12-17,新興第二,133.0
2013-12-17,三民第二,133.0
2013-12-17,左營第四,133.0
2013-12-17,鼓山第三,133.0
2013-12-17,楠梓市場,133.0
2013-12-17,三民第一,133.0
2013-12-17,苓雅市場,133.0
2013-12-17,中華市場,133.0
2013-12-17,旗山第一,115.0
2013-12-17,鳳山第一,0.0
2013-12-17,岡山文賢,158.0
2013-12-17,大寮大發,130.0
2013-12-17,橋頭市場,133.0
2013-12-18,國民市場,150.0
2013-12-18,鹽埕示範,150.0
2013-12-18,新興第二,133.0
2013-12-18,三民第二,133.0
2013-12-18,左營第四,133.0
2013-12-18,鼓山第三,133.0
2013-12-18,楠梓市場,133.0
2013-12-18,三民第一,133.0
2013-12-18,苓雅市場,133.0
2013-12-18,中華市場,133.0
2013-12-18,旗山第一,115.0
2013-12-18,鳳山第一,0.0
2013-12-18,岡山文賢,158.0
2013-12-18,大寮大發,130.0
2013-12-18,橋頭市場,133.0
2013-12-19,國民市場,
2013-12-19,鹽埕示範,
2013-12-19,新興第二,
2013-12-19,三民第二,
2013-12-19,左營第四,
2013-12-19,鼓山第三,
2013-12-19,楠梓市場,
2013-12-19,三民第一,
2013-12-19,苓雅市場,
2013-12-19,中華市場,
2013-12-19,旗山第一,115.0
2013-12-19,鳳山第一,
2013-12-19,岡山文賢,158.0
2013-12-19,大寮大發,
2013-12-19,橋頭市場,133.0
2013-12-20,國民市場,150.0
2013-12-20,鹽埕示範,150.0
2013-12-20,新興第二,133.0
2013-12-20,三民第二,133.0
2013-12-20,左營第四,133.0
2013-12-20,鼓山第三,133.0
2013-12-20,楠梓市場,133.0
2013-12-20,三民第一,133.0
2013-12-20,苓雅市場,140.0
2013-12-20,中華市場,133.0
2013-12-20,旗山第一,115.0
2013-12-20,鳳山第一,0.0
2013-12-20,岡山文賢,158.0
2013-12-20,大寮大發,130.0
2013-12-20,橋頭市場,133.0
2013-12-21,國民市場,
2013-12-21,鹽埕示範,
2013-12-21,新興第二,
2013-12-21,三民第二,
2013-12-21,左營第四,
2013-12-21,鼓山第三,
2013-12-21,楠梓市場,
2013-12-21,三民第一,
2013-12-21,苓雅市場,
2013-12-21,中華市場,
2013-12-21,旗山第一,
2013-12-21,鳳山第一,
2013-12-21,岡山文賢,158.0
2013-12-21,大寮大發,
2013-12-21,橋頭市場,
2013-12-22,國民市場,
2013-12-22,鹽埕示範,
2013-12-22,新興第二,
2013-12-22,三民第二,
2013-12-22,左營第四,
2013-12-22,鼓山第三,
2013-12-22,楠梓市場,
2013-12-22,三民第一,
2013-12-22,苓雅市場,
2013-12-22,中華市場,
2013-12-22,旗山第一,
2013-12-22,鳳山第一,
2013-12-22,岡山文賢,158.0
2013-12-22,大寮大發,
2013-12-22,橋頭市場,
2013-12-23,國民市場,150.0
2013-12-23,鹽埕示範,150.0
2013-12-23,新興第二,133.0
2013-12-23,三民第二,133.0
2013-12-23,左營第四,133.0
2013-12-23,鼓山第三,133.0
2013-12-23,楠梓市場,133.0
2013-12-23,三民第一,133.0
2013-12-23,苓雅市場,131.0
2013-12-23,中華市場,133.0
2013-12-23,旗山第一,115.0
2013-12-23,鳳山第一,0.0
2013-12-23,岡山文賢,158.0
2013-12-23,大寮大發,130.0
2013-12-23,橋頭市場,133.0
2013-12-24,國民市場,150.0
2013-12-24,鹽埕示範,150.0
2013-12-24,新興第二,133.0
2013-12-24,三民第二,133.0
2013-12-24,左營第四,133.0
2013-12-24,鼓山第三,133.0
2013-12-24,楠梓市場,133.0
2013-12-24,三民第一,133.0
2013-12-24,苓雅市場,130.0
2013-12-24,中華市場,133.0
2013-12-24,旗山第一,115.0
2013-12-24,鳳山第一,0.0
2013-12-24,岡山文賢,158.0
2013-12-24,大寮大發,128.0
2013-12-24,橋頭市場,133.0
2013-12-25,國民市場,150.0
2013-12-25,鹽埕示範,150.0
2013-12-25,新興第二,133.0
2013-12-25,三民第二,133.0
2013-12-25,左營第四,133.0
2013-12-25,鼓山第三,133.0
2013-12-25,楠梓市場,133.0
2013-12-25,三民第一,133.0
2013-12-25,苓雅市場,150.0
2013-12-25,中華市場,133.0
2013-12-25,旗山第一,132.0
2013-12-25,鳳山第一,0.0
2013-12-25,岡山文賢,158.0
2013-12-25,大寮大發,130.0
2013-12-25,橋頭市場,133.0
2013-12-26,國民市場,150.0
2013-12-26,鹽埕示範,150.0
2013-12-26,新興第二,133.0
2013-12-26,三民第二,133.0
2013-12-26,左營第四,133.0
2013-12-26,鼓山第三,133.0
2013-12-26,楠梓市場,133.0
2013-12-26,三民第一,133.0
2013-12-26,苓雅市場,150.0
2013-12-26,中華市場,133.0
2013-12-26,旗山第一,132.0
2013-12-26,鳳山第一,0.0
2013-12-26,岡山文賢,158.0
2013-12-26,大寮大發,130.0
2013-12-26,橋頭市場,133.0
2013-12-27,國民市場,150.0
2013-12-27,鹽埕示範,150.0
2013-12-27,新興第二,133.0
2013-12-27,三民第二,133.0
2013-12-27,左營第四,133.0
2013-12-27,鼓山第三,133.0
2013-12-27,楠梓市場,133.0
2013-12-27,三民第一,133.0
2013-12-27,苓雅市場,133.0
2013-12-27,中華市場,133.0
2013-12-27,旗山第一,132.0
2013-12-27,鳳山第一,0.0
2013-12-27,岡山文賢,158.0
2013-12-27,大寮大發,130.0
2013-12-27,橋頭市場,133.0
2013-12-28,國民市場,
2013-12-28,鹽埕示範,
2013-12-28,新興第二,
2013-12-28,三民第二,
2013-12-28,左營第四,
2013-12-28,鼓山第三,
2013-12-28,楠梓市場,133.0
2013-12-28,三民第一,
2013-12-28,苓雅市場,
2013-12-28,中華市場,
2013-12-28,旗山第一,
2013-12-28,鳳山第一,
2013-12-28,岡山文賢,158.0
2013-12-28,大寮大發,
2013-12-28,橋頭市場,133.0
2013-12-29,國民市場,
2013-12-29,鹽埕示範,
2013-12-29,新興第二,
2013-12-29,三民第二,
2013-12-29,左營第四,
2013-12-29,鼓山第三,
2013-12-29,楠梓市場,133.0
2013-12-29,三民第一,
2013-12-29,苓雅市場,133.0
2013-12-29,中華市場,
2013-12-29,旗山第一,
2013-12-29,鳳山第一,
2013-12-29,岡山文賢,
2013-12-29,大寮大發,
2013-12-29,橋頭市場,133.0
2013-12-30,國民市場,150.0
2013-12-30,鹽埕示範,150.0
2013-12-30,新興第二,133.0
2013-12-30,三民第二,133.0
2013-12-30,左營第四,133.0
2013-12-30,鼓山第三,133.0
2013-12-30,楠梓市場,133.0
2013-12-30,三民第一,133.0
2013-12-30,苓雅市場,133.0
2013-12-30,中華市場,133.0
2013-12-30,旗山第一,132.0
2013-12-30,鳳山第一,0.0
2013-12-30,岡山文賢,158.0
2013-12-30,大寮大發,122.0
2013-12-30,橋頭市場,133.0
2013-12-31,國民市場,150.0
2013-12-31,鹽埕示範,150.0
2013-12-31,新興第二,133.0
2013-12-31,三民第二,133.0
2013-12-31,左營第四,133.0
2013-12-31,鼓山第三,133.0
2013-12-31,楠梓市場,133.0
2013-12-31,三民第一,133.0
2013-12-31,苓雅市場,133.0
2013-12-31,中華市場,133.0
2013-12-31,旗山第一,132.0
2013-12-31,鳳山第一,0.0
2013-12-31,岡山文賢,158.0
2013-12-31,大寮大發,122.0
2013-12-31,橋頭市場,133.0
